1 	432438.6	236182.9
1 	432480.7	236158.2
1 	432522.9	236133.3
1 	432565.3	236108.3
1 	432607.8	236083.3
1 	432650.2	236058.4
1 	432692.2	236033.6
1 	432734.2	236008.9
1 	432774.3	235991.7
1 	432814.9	235974.3
1 	432856.2	235956.5
1 	432898.	        235938.6
1 	432940.9	235923.5
1 	432985.1	235913.8
1 	433029.	        235904.1
1 	433072.2	235894.6
1 	433115.2	235892.8
1 	433156.4	235898.
1 	433195.2	235902.9
1 	433231.1	235907.5
1 	433265.2	235911.8
1 	433309.	        235931.3
1 	433352.2	235951.2
1 	433394.9	235970.8
1 	433436.9	235990.1
1 	433478.5	236009.3
1 	433518.3	236031.6
1 	433555.3	236058.9
1 	433592.8	236086.6
1 	433630.7	236114.7
1 	433668.8	236142.9
1 	433707.1	236171.2
1 	433741.5	236204.3
1 	433774.1	236239.6
1 	433806.9	236275.1
1 	433839.9	236310.8
1 	433873.2	236346.8
1 	433906.8	236382.5
1 	433941.4	236414.8
1 	433976.1	236447.2
1 	434011.2	236480.
1 	434046.6	236513.
1 	434082.1	236546.7
1 	434117.7	236581.1
1 	434153.7	236615.9
1 	434190.3	236651.2
1 	434227.3	236687.1
1 	434264.8	236723.2
1 	434306.3	236754.3
1 	434350.5	236781.6
1 	434394.6	236808.9
1 	434438.8	236836.3
1 	434483.3	236863.9
1 	434528.	        236891.5
1 	434576.	        236909.5
1 	434624.5	236926.5
1 	434672.9	236943.6
1 	434721.8	236960.8
1 	434771.	        236978.6
1 	434821.1	236996.8
1 	434871.6	237015.3
1 	434924.2	237028.2
1 	434977.8	237037.9
1 	435031.2	237047.6
1 	435084.7	237056.8
1 	435138.2	237065.9
1 	435192.2	237074.6
1 	435247.1	237079.6
1 	435302.6	237084.7
1 	435358.5	237089.9
1 	435410.	        237080.6
1 	435461.4	237071.0
1 	435512.3	237060.9
1 	435561.2	237044.0
1 	435609.8	237027.3
1 	435658.2	237010.7
1 	435706.7	236994.1
1 	435755.5	236977.9
1 	435804.7	236961.6
1 	435854.3	236945.1
1 	435904.5	236928.5
1 	435951.9	236905.8
1 	435996.5	236878.5
1 	436040.6	236851.5
1 	436083.9	236825.
1 	436126.8	236798.8
1 	436168.9	236758.2
1 	436208.8	236716.6
1 	436243.8	236672.2
1 	436278.1	236628.7
1 	436315.	        236588.3
1 	436352.2	236548.2
1 	436385.8	236505.2
1 	436418.8	236461.8
1 	436449.7	236417.5
1 	436474.9	236370.5
1 	436499.8	236324.1
1 	436525.7	236279.5
1 	436552.2	236236.4
1 	436578.4	236194.4
1 	436605.6	236154.2
1 	436632.4	236114.4
1 	436651.9	236056.7
1 	436670.2	236000.6
1 	436687.4	235947.3
1 	436703.9	235896.7
1 	436722.5	235848.8
1 	436741.8	235801.9
1 	436761.	        235755.2
1 	436780.2	235708.6
1 	436799.4	235662.1
1 	436822.2	235617.5
1 	436846.9	235574.3
1 	436871.3	235531.5
1 	436895.5	235489.2
1 	436919.2	235447.3
1 	436935.5	235390.9
1 	436951.2	235336.2
1 	436966.4	235284.2
1 	436981.4	235234.9
1 	436996.1	235187.1
1 	437010.5	235139.9
1 	437030.	        235095.1
1 	437057.1	235053.8
1 	437084.1	235012.4
1 	437111.1	234971.1
1 	437138.	        234930.
1 	437159.1	234884.4
1 	437179.8	234839.6
1 	437199.9	234796.1
1 	437219.4	234754.
1 	437238.5	234712.7
1 	437258.7	234672.2
1 	437290.2	234639.1
1 	437321.9	234605.9
1 	437353.9	234572.3
1 	437385.8	234538.7
1 	437417.4	234505.6
1 	437448.4	234473.1
1 	437478.9	234441.1
1 	437516.2	234425.3
1 	437554.8	234408.9
1 	437595.7	234391.6
1 	437638.7	234373.5
1 	437683.1	234354.7
1 	437728.6	234335.4
1 	437774.7	234316.
1 	437821.	        234296.2
1 	437867.5	234276.2
1 	437914.1	234256.1
1 	437960.8	234236.
1 	438007.4	234215.8
1 	438054.2	234195.6
1 	438101.3	234175.3
1 	438148.8	234154.8
1 	438196.6	234134.2
1 	438244.7	234113.4
1 	438149.8	233917.1
1 	438104.2	233936.8
1 	438058.7	233956.5
1 	438013.	        233976.3
1 	437967.1	233996.1
1 	437921.1	234015.9
1 	437874.7	234035.4
1 	437828.1	234055.
1 	437781.3	234074.6
1 	437734.1	234094.4
1 	437686.4	234114.
1 	437637.9	234134.
1 	437588.5	234154.3
1 	437537.9	234175.1
1 	437488.6	234201.6
1 	437438.8	234230.3
1 	437388.2	234259.5
1 	437337.	        234289.
1 	437305.3	234330.1
1 	437273.7	234371.1
1 	437242.1	234412.
1 	437210.7	234452.8
1 	437180.	        234494.
1 	437149.5	234535.
1 	437119.1	234575.9
1 	437088.9	234616.5
1 	437060.8	234658.
1 	437038.1	234702.3
1 	437015.6	234746.2
1 	436993.2	234789.7
1 	436971.	        234833.
1 	436951.9	234882.1
1 	436932.8	234931.2
1 	436913.7	234980.1
1 	436891.8	235027.4
1 	436867.1	235072.9
1 	436842.7	235117.9
1 	436819.2	235162.4
1 	436799.3	235207.8
1 	436779.8	235252.3
1 	436760.5	235296.3
1 	436741.3	235339.9
1 	436719.8	235389.3
1 	436698.2	235438.6
1 	436676.7	235487.6
1 	436655.3	235536.4
1 	436634.1	235584.9
1 	436613.1	235633.
1 	436592.2	235680.7
1 	436571.8	235727.9
1 	436551.7	235774.4
1 	436531.8	235820.1
1 	436512.4	235865.
1 	436493.4	235908.9
1 	436474.6	235952.3
1 	436455.9	235995.2
1 	436432.8	236042.6
1 	436409.8	236089.8
1 	436386.6	236136.5
1 	436363.2	236182.4
1 	436340.2	236227.8
1 	436314.4	236270.9
1 	436288.6	236313.3
1 	436263.1	236355.2
1 	436237.8	236396.8
1 	436212.8	236437.9
1 	436183.2	236475.
1 	436148.8	236507.5
1 	436114.8	236539.8
1 	436080.9	236571.9
1 	436044.9	236600.8
1 	436006.6	236626.6
1 	435970.	        236655.6
1 	435933.5	236684.6
1 	435897.1	236713.6
1 	435860.7	236742.5
1 	435820.3	236764.5
1 	435779.2	236785.3
1 	435738.	        236806.1
1 	435696.8	236827.
1 	435654.4	236845.5
1 	435609.3	236856.
1 	435564.1	236866.5
1 	435518.9	236877.
1 	435473.8	236887.5
1 	435428.4	236896.4
1 	435382.7	236902.6
1 	435337.	        236908.8
1 	435290.7	236915.1
1 	435244.1	236919.7
1 	435197.2	236921.5
1 	435150.1	236923.3
1 	435102.8	236924.1
1 	435056.9	236911.8
1 	435010.8	236899.5
1 	434964.6	236887.1
1 	434919.6	236870.2
1 	434875.8	236849.3
1 	434831.8	236828.2
1 	434789.5	236802.9
1 	434747.7	236776.2
1 	434704.2	236752.2
1 	434659.9	236728.8
1 	434615.5	236705.4
1 	434575.8	236684.4
1 	434535.9	236663.4
1 	434496.	        236642.4
1 	434457.7	236618.7
1 	434420.1	236593.4
1 	434382.3	236568.1
1 	434344.3	236542.6
1 	434310.1	236512.1
1 	434277.2	236479.2
1 	434244.1	236446.
1 	434210.5	236412.5
1 	434177.2	236378.2
1 	434144.6	236342.5
1 	434111.7	236306.6
1 	434078.7	236270.5
1 	434045.2	236234.7
1 	434007.3	236203.
1 	433969.3	236171.2
1 	433931.2	236139.3
1 	433892.9	236107.4
1 	433854.5	236075.2
1 	433815.8	236042.9
1 	433777.	        236010.3
1 	433738.2	235977.3
1 	433699.2	235944.1
1 	433659.9	235910.8
1 	433620.6	235877.3
1 	433581.	        235843.7
1 	433536.6	235817.8
1 	433490.8	235794.3
1 	433445.1	235770.8
1 	433399.5	235747.4
1 	433354.	        235724.
1 	433293.	        235724.6
1 	433232.3	235726.2
1 	433173.	        235727.8
1 	433115.5	235731.3
1 	433059.9	235743.2
1 	433006.	        235754.8
1 	432953.2	235766.1
1 	432901.	        235777.3
1 	432850.6	235793.4
1 	432800.6	235810.3
1 	432750.6	235827.2
1 	432700.5	235844.2
1 	432650.5	235861.4
1 	432607.9	235890.2
1 	432565.3	235919.
1 	432522.8	235947.7
1 	432480.2	235976.5
1 	432437.9	236005.5
1 	432396.2	236035.5
1 	432354.5	236065.5
2 	432354.	        236066.
2 	432271.	        236125.4
2 	432229.2	236155.4
2 	432187.6	236185.6
2 	432145.9	236215.9
2 	432104.2	236246.1
2 	432062.5	236276.4
2 	432020.8	236306.7
2 	431979.	        236337.
2 	431944.7	236373.1
2 	431910.4	236409.3
2 	431876.1	236445.5
2 	431841.8	236481.8
2 	431807.4	236518.
2 	431773.	        236554.
2 	431738.1	236588.9
2 	431703.4	236623.6
2 	431669.	        236657.6
2 	431633.3	236689.8
2 	431598.	        236721.6
2 	431562.9	236753.3
2 	431526.6	236795.4
2 	431490.7	236837.6
2 	431455.1	236879.5
2 	431419.3	236920.6
2 	431383.6	236961.2
2 	431348.2	237001.5
2 	431312.8	237041.7
2 	431277.5	237081.9
2 	431242.1	237122.2
2 	431206.5	237162.2
2 	431179.9	237203.9
2 	431154.7	237246.4
2 	431129.1	237288.6
2 	431101.9	237329.5
2 	431074.7	237370.6
2 	431047.3	237411.8
2 	431019.7	237453.5
2 	430991.7	237495.6
2 	430963.5	237538.4
2 	430935.1	237581.8
2 	430906.4	237625.3
2 	430885.8	237671.2
2 	430865.2	237717.3
2 	430844.2	237763.6
2 	430822.6	237810.
2 	430800.8	237856.8
2 	430781.7	237905.
2 	430763.2	237954.
2 	430744.7	238003.2
2 	430726.	        238052.7
2 	430707.3	238102.5
2 	430688.2	238152.4
2 	430668.4	238202.4
2 	430649.2	238252.6
2 	430630.3	238303.
2 	430622.3	238354.9
2 	430625.	        238408.3
2 	430621.4	238460.9
2 	430617.8	238513.2
2 	430610.2	238564.7
2 	430598.8	238615.3
2 	430587.5	238665.8
2 	430588.6	238722.5
2 	430590.3	238779.1
2 	430592.	        238835.2
2 	430593.3	238890.9
2 	430594.7	238946.2
2 	430596.	        239001.2
2 	430596.7	239051.3
2 	430597.3	239101.4
2 	430597.9	239151.5
2 	430598.	        239201.3
2 	430598.	        239251.
2 	430598.	        239300.4
2 	430598.	        239349.5
2 	430598.	        239398.1
2 	430597.6	239446.3
2 	430593.7	239494.
2 	430589.9	239541.4
2 	430586.1	239588.6
2 	430576.6	239635.8
2 	430566.9	239682.9
2 	430557.2	239730.
2 	430547.6	239777.1
2 	430533.3	239822.9
2 	430518.8	239868.5
2 	430504.3	239914.
2 	430489.9	239959.2
2 	430470.1	240002.
2 	430450.1	240044.4
2 	430430.2	240086.5
2 	430410.1	240128.2
2 	430382.4	240165.1
2 	430354.9	240201.8
2 	430327.4	240238.4
2 	430300.	        240275.
2 	430262.9	240303.5
2 	430225.8	240332.1
2 	430188.4	240360.3
2 	430150.3	240387.8
2 	430112.2	240415.2
2 	430073.7	240441.7
2 	430033.3	240464.7
2 	429993.3	240487.4
2 	429953.5	240509.4
2 	429911.8	240525.8
2 	429870.4	240542.1
2 	429829.2	240558.1
2 	429783.	        240565.3
2 	429736.8	240572.4
2 	429690.5	240579.5
2 	429644.2	240586.7
2 	429597.7	240589.9
2 	429551.	        240582.1
2 	429504.	        240574.2
2 	429456.6	240566.3
2 	429408.8	240558.3
2 	429360.8	240549.7
2 	429312.4	240540.5
2 	429263.9	240531.3
2 	429215.3	240522.1
2 	429166.9	240513.
2 	429118.2	240507.8
2 	429069.6	240504.5
2 	429021.4	240501.3
2 	428973.5	240498.1
2 	428925.8	240494.9
2 	428871.	        240492.
2 	428816.5	240489.2
2 	428762.5	240486.3
2 	428709.1	240483.5
2 	428656.2	240480.5
2 	428603.8	240477.3
2 	428551.6	240474.2
2 	428499.4	240471.1
2 	428447.	        240468.7
2 	428394.2	240466.7
2 	428340.9	240464.6
2 	428287.	        240462.5
2 	428232.4	240463.
2 	428177.7	240470.4
2 	428122.4	240477.9
2 	428066.6	240485.5
2 	428010.5	240493.2
2 	427959.2	240512.9
2 	427907.8	240532.7
2 	427857.6	240555.1
2 	427811.9	240586.4
2 	427766.1	240617.7
2 	427723.9	240653.5
2 	427689.8	240698.1
2 	427655.7	240742.8
2 	427626.9	240791.3
2 	427602.2	240842.5
2 	427577.6	240893.7
2 	427552.8	240941.6
2 	427527.7	240989.7
2 	427502.2	241038.5
2 	427487.2	241091.
2 	427481.7	241146.4
2 	427476.2	241202.6
2 	427470.6	241259.
2 	427481.5	241314.1
2 	427494.2	241368.6
2 	427506.7	241421.9
2 	427531.3	241470.2
2 	427559.8	241515.8
2 	427588.	        241561.
2 	427613.	        241607.2
2 	427638.	        241653.4
2 	427662.8	241699.3
2 	427687.5	241744.9
2 	427712.	        241790.2
2 	427736.4	241835.2
2 	427763.7	241878.1
2 	427791.1	241920.5
2 	427818.4	241962.8
2 	427845.7	242004.8
2 	427872.8	242046.8
2 	427899.4	242089.1
2 	427924.2	242132.5
2 	427949.2	242176.1
2 	427974.2	242219.8
2 	427999.4	242263.6
2 	428024.6	242307.6
2 	428051.9	242350.3
2 	428080.2	242392.2
2 	428108.6	242434.1
2 	428136.8	242475.8
2 	428164.9	242517.4
2 	428193.	        242559.
2 	428222.6	242599.
2 	428252.2	242639.1
2 	428281.8	242679.
2 	428311.2	242718.9
2 	428341.5	242758.
2 	428373.6	242795.4
2 	428405.5	242832.4
2 	428437.1	242869.2
2 	428468.4	242905.5
2 	428498.9	242941.7
2 	428528.	        242978.1
2 	428556.5	243013.8
2 	428584.5	243048.9
2 	428611.8	243083.1
2 	428638.8	243116.9
2 	428654.2	243155.4
2 	428661.4	243196.2
2 	428668.5	243236.9
2 	428675.6	243277.3
2 	428682.6	243317.6
2 	428678.6	243365.
2 	428673.9	243412.2
2 	428669.2	243459.3
2 	428662.2	243505.9
2 	428652.8	243552.
2 	428643.5	243598.1
2 	428634.1	243644.3
2 	428624.9	243690.7
2 	428615.5	243737.3
2 	428606.2	243784.2
2 	428598.4	243831.8
2 	428592.7	243880.
2 	428587.	        243928.5
2 	428581.2	243977.1
2 	428571.	        244026.5
2 	428560.6	244075.9
2 	428550.2	244125.1
2 	428539.8	244174.2
2 	428529.4	244223.2
2 	428519.1	244272.1
2 	428508.3	244320.7
2 	428493.8	244368.3
2 	428479.4	244415.8
2 	428465.1	244463.1
2 	428450.4	244510.
2 	428435.5	244556.5
2 	428420.8	244602.8
2 	428406.	        244649.
2 	428387.2	244686.3
2 	428368.4	244723.5
2 	428348.	        244759.8
2 	428322.7	244792.6
2 	428297.3	244825.4
2 	428268.4	244854.6
2 	428234.9	244879.1
2 	428201.4	244903.6
2 	428164.2	244921.7
2 	428123.1	244931.8
2 	428081.7	244942.1
2 	428040.	        244952.1
2 	427998.1	244962.2
2 	427955.9	244971.8
2 	427914.4	244963.6
2 	427872.6	244955.3
2 	427830.3	244947.
2 	427787.4	244945.4
2 	427743.6	244954.
2 	427698.5	244962.9
2 	427654.8	244948.3
2 	427609.5	244933.
2 	427562.7	244917.1
2 	427513.6	244903.8
2 	427461.5	244895.2
2 	427407.8	244886.4
2 	427352.4	244880.2
2 	427295.8	244875.
2 	427238.6	244871.3
2 	427181.8	244892.3
2 	427125.2	244913.3
2 	427068.6	244932.5
2 	427012.2	244950.1
2 	426956.4	244967.5
2 	426904.8	244992.4
2 	426857.4	245024.4
2 	426810.3	245056.1
2 	426764.3	245088.8
2 	426720.7	245124.5
2 	426677.	        245160.2
2 	426634.1	245196.9
2 	426600.6	245242.9
2 	426566.9	245289.
2 	426533.4	245335.5
2 	426511.7	245384.3
2 	426490.1	245433.1
2 	426468.8	245481.9
2 	426447.9	245530.6
2 	426427.	        245579.1
2 	426422.6	245631.4
2 	426420.9	245684.2
2 	426419.	        245737.
2 	426416.9	245789.8
2 	426415.	        245842.8
2 	426415.	        245895.9
2 	426415.	        245949.1
2 	426429.4	245997.7
2 	426443.8	246046.
2 	426460.7	246093.5
2 	426466.5	246140.4
2 	426455.2	246187.6
2 	426464.4	246234.8
2 	426463.2	246281.2
2 	426474.2	246325.1
2 	426489.3	246365.1
2 	426506.3	246402.2
2 	426514.8	246440.
2 	426534.2	246473.4
2 	426549.	        246511.
2 	426525.	        246598.
2 	426713.	        246624.
2 	426685.5	246461.2
2 	426674.5	246397.
2 	426665.8	246344.
2 	426658.2	246297.6
2 	426650.9	246253.5
2 	426640.2	246209.3
2 	426629.	        246163.3
2 	426617.4	246115.5
2 	426605.2	246067.
2 	426592.7	246019.
2 	426580.6	245972.5
2 	426569.1	245927.
2 	426573.8	245884.6
2 	426578.5	245841.6
2 	426580.7	245797.7
2 	426581.6	245753.5
2 	426588.7	245710.5
2 	426600.7	245668.5
2 	426613.3	245626.7
2 	426628.2	245585.1
2 	426643.1	245543.4
2 	426651.9	245500.1
2 	426660.5	245457.9
2 	426668.9	245416.4
2 	426701.2	245386.2
2 	426734.1	245355.6
2 	426767.7	245324.5
2 	426802.	        245292.9
2 	426836.6	245261.
2 	426871.7	245229.6
2 	426909.6	245202.4
2 	426947.2	245175.5
2 	426984.3	245148.9
2 	427026.7	245132.9
2 	427068.7	245117.1
2 	427110.2	245101.4
2 	427152.9	245095.4
2 	427194.9	245093.2
2 	427236.	        245091.
2 	427277.	        245104.2
2 	427319.	        245117.8
2 	427362.4	245131.8
2 	427407.2	245146.4
2 	427453.6	245161.5
2 	427501.9	245177.3
2 	427552.7	245193.9
2 	427606.4	245209.8
2 	427661.7	245226.1
2 	427717.5	245242.5
2 	427774.3	245245.2
2 	427831.6	245247.5
2 	427890.3	245244.4
2 	427951.1	245231.9
2 	428014.1	245219.
2 	428065.9	245203.
2 	428118.1	245186.9
2 	428169.3	245167.7
2 	428215.8	245136.
2 	428262.5	245104.2
2 	428309.7	245072.1
2 	428357.	        245039.1
2 	428404.9	245005.7
2 	428451.7	244970.8
2 	428483.	        244921.5
2 	428513.9	244872.8
2 	428543.8	244824.2
2 	428571.6	244774.7
2 	428599.2	244725.3
2 	428609.7	244670.8
2 	428620.	        244617.3
2 	428630.	        244565.3
2 	428643.	        244515.2
2 	428657.9	244466.
2 	428672.8	244416.5
2 	428687.2	244366.5
2 	428699.1	244315.5
2 	428710.9	244264.5
2 	428722.7	244213.7
2 	428732.2	244162.7
2 	428739.8	244111.7
2 	428747.4	244061.2
2 	428754.9	244010.9
2 	428771.5	243966.2
2 	428788.4	243921.1
2 	428805.7	243875.4
2 	428821.2	243828.3
2 	428830.5	243779.2
2 	428839.9	243729.6
2 	428849.3	243679.9
2 	428854.4	243629.2
2 	428858.6	243578.2
2 	428862.7	243527.1
2 	428864.1	243476.2
2 	428862.	        243425.7
2 	428860.	        243376.
2 	428858.	        243326.8
2 	428852.5	243267.9
2 	428847.1	243208.9
2 	428841.7	243150.2
2 	428832.1	243092.6
2 	428799.5	243044.1
2 	428767.9	242997.1
2 	428737.3	242951.5
2 	428707.8	242907.4
2 	428677.6	242865.5
2 	428644.1	242827.6
2 	428611.1	242790.2
2 	428578.5	242753.4
2 	428546.2	242716.9
2 	428515.	        242680.2
2 	428485.2	242642.6
2 	428455.4	242605.1
2 	428425.6	242567.5
2 	428395.8	242530.
2 	428366.	        242492.5
2 	428336.2	242455.
2 	428303.8	242416.6
2 	428271.7	242378.5
2 	428239.9	242340.8
2 	428208.4	242303.4
2 	428177.2	242266.4
2 	428148.5	242227.9
2 	428125.9	242185.3
2 	428103.	        242142.3
2 	428079.9	242098.8
2 	428056.5	242054.9
2 	428032.9	242010.7
2 	428008.2	241967.
2 	427982.6	241923.8
2 	427957.2	241881.
2 	427931.9	241838.4
2 	427906.9	241796.3
2 	427882.1	241754.3
2 	427859.5	241711.4
2 	427839.	        241667.5
2 	427818.7	241623.9
2 	427798.6	241581.
2 	427778.9	241538.7
2 	427759.5	241497.
2 	427736.7	241453.4
2 	427714.6	241411.3
2 	427700.4	241369.
2 	427692.5	241327.
2 	427684.7	241286.
2 	427677.	        241245.3
2 	427677.5	241203.8
2 	427680.9	241162.
2 	427684.3	241119.5
2 	427687.8	241076.
2 	427697.1	241032.3
2 	427709.8	240987.8
2 	427722.6	240942.3
2 	427745.	        240910.
2 	427768.	        240877.6
2 	427792.4	240846.
2 	427819.8	240816.7
2 	427847.1	240787.5
2 	427880.4	240765.4
2 	427916.7	240746.6
2 	427953.4	240727.6
2 	427990.	        240708.2
2 	428026.3	240688.4
2 	428062.6	240669.
2 	428107.3	240664.7
2 	428152.7	240660.4
2 	428199.1	240656.1
2 	428246.2	240651.6
2 	428294.3	240649.7
2 	428343.	        240651.3
2 	428392.3	240653.
2 	428442.2	240654.7
2 	428492.5	240656.6
2 	428543.1	240659.3
2 	428594.	        240662.1
2 	428645.	        240664.9
2 	428695.7	240667.3
2 	428745.5	240668.5
2 	428793.9	240669.7
2 	428840.5	240670.9
2 	428886.	        240672.
2 	428939.3	240679.
2 	428991.8	240685.9
2 	429042.7	240692.6
2 	429092.4	240699.2
2 	429141.3	240705.3
2 	429190.2	240710.5
2 	429239.2	240715.7
2 	429288.4	240721.
2 	429338.1	240726.3
2 	429388.1	240731.4
2 	429438.8	240736.2
2 	429490.2	240741.
2 	429542.3	240745.8
2 	429595.2	240750.8
2 	429648.4	240751.
2 	429701.4	240747.5
2 	429754.4	240744.
2 	429807.1	240740.5
2 	429859.8	240736.8
2 	429916.7	240717.6
2 	429972.7	240698.8
2 	430025.7	240677.
2 	430073.5	240647.6
2 	430120.1	240618.9
2 	430165.7	240590.4
2 	430209.6	240560.1
2 	430253.4	240529.9
2 	430297.3	240499.2
2 	430338.7	240463.9
2 	430380.7	240428.1
2 	430423.2	240391.8
2 	430458.3	240349.6
2 	430493.4	240307.3
2 	430528.6	240265.
2 	430562.7	240222.
2 	430584.3	240171.5
2 	430605.6	240121.6
2 	430626.6	240072.4
2 	430647.2	240023.7
2 	430665.2	239974.4
2 	430683.1	239925.4
2 	430701.	        239876.5
2 	430718.7	239827.6
2 	430733.4	239777.7
2 	430748.1	239727.7
2 	430762.8	239677.6
2 	430777.6	239627.4
2 	430784.5	239572.2
2 	430791.	        239517.5
2 	430797.2	239463.7
2 	430800.2	239410.3
2 	430803.2	239357.7
2 	430806.	        239305.6
2 	430805.1	239253.9
2 	430804.3	239202.6
2 	430803.6	239151.5
2 	430805.1	239100.4
2 	430806.5	239049.1
2 	430808.	        238997.7
2 	430807.7	238943.9
2 	430807.3	238890.3
2 	430807.	        238837.6
2 	430805.	        238786.2
2 	430802.9	238736.3
2 	430801.1	238687.4
2 	430806.9	238638.4
2 	430812.8	238588.8
2 	430818.8	238538.9
2 	430824.7	238489.1
2 	430830.8	238440.4
2 	430839.6	238393.4
2 	430848.2	238347.5
2 	430856.8	238301.8
2 	430865.3	238255.8
2 	430874.1	238209.1
2 	430888.1	238163.2
2 	430906.5	238118.
2 	430925.1	238072.6
2 	430943.7	238027.1
2 	430962.2	237981.7
2 	430980.7	237936.4
2 	431003.4	237893.
2 	431028.5	237850.
2 	431054.1	237806.2
2 	431080.2	237761.5
2 	431106.7	237716.3
2 	431130.5	237682.
2 	431155.2	237647.
2 	431180.9	237610.4
2 	431206.6	237571.9
2 	431232.8	237532.5
2 	431259.2	237492.7
2 	431285.3	237452.9
2 	431311.2	237413.4
2 	431338.1	237375.3
2 	431365.1	237338.1
2 	431391.8	237301.2
2 	431422.6	237262.5
2 	431453.5	237223.4
2 	431484.9	237183.9
2 	431517.4	237144.6
2 	431550.5	237105.5
2 	431583.5	237066.4
2 	431616.	        237027.9
2 	431647.6	236990.5
2 	431678.1	236954.3
2 	431707.9	236918.9
2 	431740.6	236875.7
2 	431772.8	236833.4
2 	431804.	        236792.2
2 	431834.6	236752.3
2 	431868.	        236716.2
2 	431901.1	236680.5
2 	431934.	        236645.
2 	431970.	        236612.6
2 	432008.	        236581.9
2 	432046.2	236550.9
2 	432084.9	236519.6
2 	432123.8	236488.2
2 	432156.6	236452.6
2 	432189.6	236416.8
2 	432222.8	236380.9
2 	432257.	        236345.8
2 	432292.6	236312.
2 	432328.2	236278.3
2 	432363.7	236244.7
2 	432439.	        236184.  
3 	426525.9	246597.3
3 	426496.7	246629.4
3 	426464.7	246658.5
3 	426427.5	246681.
3 	426390.5	246703.4
3 	426352.2	246723.5
3 	426312.6	246741.5
3 	426273.2	246759.5
3 	426233.3	246776.2
3 	426192.9	246790.7
3 	426153.1	246804.9
3 	426113.6	246817.8
3 	426073.5	246826.4
3 	426033.7	246835.
3 	425994.8	246845.
3 	425954.7	246846.9
3 	425912.5	246841.2
3 	425868.	        246838.7
3 	425821.6	246836.
3 	425773.7	246833.
3 	425725.	        246828.2
3 	425669.3	246827.1
3 	425613.6	246831.2
3 	425557.8	246831.1
3 	425501.9	246830.
3 	425446.8	246836.5
3 	425393.6	246849.3
3 	425344.2	246874.3
3 	425292.2	246892.8
3 	425240.2	246911.2
3 	425198.	        246924.7
3 	425155.3	246938.
3 	425110.7	246946.8
3 	425065.3	246955.8
3 	425020.1	246968.9
3 	424974.3	246982.3
3 	424928.2	246995.8
3 	424881.7	247008.7
3 	424834.6	247018.3
3 	424787.9	247027.8
3 	424741.8	247037.2
3 	424696.	        247044.9
3 	424650.8	247051.4
3 	424606.2	247057.8
3 	424562.4	247064.1
3 	424519.5	247071.
3 	424477.8	247081.
3 	424436.6	247090.8
3 	424395.	        247096.1
3 	424353.1	247100.
3 	424311.5	247096.5
3 	424270.2	247085.3
3 	424230.1	247069.9
3 	424192.3	247048.
3 	424149.1	247027.1
3 	424103.8	247010.6
3 	424058.8	246992.9
3 	424014.3	246972.8
3 	423970.2	246950.7
3 	423926.9	246925.1
3 	423884.5	246896.1
3 	423843.6	246862.2
3 	423797.9	246833.
3 	423747.8	246807.9
3 	423694.8	246786.9
3 	423640.1	246768.2
3 	423586.5	246754.9
3 	423532.	        246744.
3 	423476.9	246733.1
3 	423421.1	246722.6
3 	423364.3	246713.8
3 	423306.8	246707.6
3 	423248.5	246705.2
3 	423190.	        246705.9
3 	423134.2	246715.2
3 	423078.5	246725.7
3 	423022.9	246735.2
3 	422968.7	246749.
3 	422914.9	246762.6
3 	422861.8	246775.6
3 	422809.5	246788.5
3 	422758.2	246801.4
3 	422708.1	246815.2
3 	422658.8	246829.5
3 	422610.2	246844.3
3 	422561.7	246857.7
3 	422513.4	246871.4
3 	422467.3	246895.8
3 	422420.8	246918.8
3 	422373.5	246939.7
3 	422326.5	246960.4
3 	422279.6	246980.2
3 	422231.5	246996.4
3 	422184.2	247014.
3 	422137.4	247032.8
3 	422089.3	247047.8
3 	422040.9	247062.4
3 	421992.2	247077.
3 	421943.3	247091.8
3 	421894.	        247106.6
3 	421844.1	247122.
3 	421793.4	247137.7
3 	421742.	        247153.5
3 	421689.8	247169.7
3 	421636.6	247184.7
3 	421582.8	247199.
3 	421537.5	247218.
3 	421491.5	247236.
3 	421444.6	247253.1
3 	421397.	        247270.4
3 	421348.8	247287.9
3 	421300.5	247306.2
3 	421259.9	247338.9
3 	421219.3	247371.8
3 	421177.9	247403.9
3 	421135.3	247434.2
3 	421093.3	247465.4
3 	421052.4	247503.2
3 	421014.3	247543.8
3 	420976.4	247583.9
3 	420937.	        247621.7
3 	420898.1	247658.9
3 	420859.3	247695.3
3 	420820.9	247731.3
3 	420782.3	247766.3
3 	420743.2	247800.3
3 	420704.2	247834.1
3 	420671.5	247885.7
3 	420640.7	247938.2
3 	420604.3	247987.
3 	420577.6	248040.8
3 	420558.1	248097.8
3 	420540.9	248154.6
3 	420530.8	248211.9
3 	420539.2	248267.5
3 	420566.1	248316.3
3 	420587.3	248366.3
3 	420579.1	248415.
3 	420569.1	248464.
3 	420564.3	248512.8
3 	420582.5	248560.3
3 	420599.6	248608.6
3 	420590.8	248659.7
3 	420582.	        248711.5
3 	420589.4	248762.4
3 	420605.2	248812.8
3 	420620.5	248863.1
3 	420634.2	248913.3
3 	420646.3	248963.2
3 	420652.8	249013.8
3 	420660.1	249063.7
3 	420691.8	249112.3
3 	420722.4	249159.4
3 	420766.6	249193.3
3 	420811.7	249222.9
3 	420843.7	249260.9
3 	420868.8	249303.
3 	420892.	        249344.
3 	420913.5	249383.9
3 	420931.1	249423.6
3 	420946.7	249462.4
3 	420959.7	249500.8
3 	420963.2	249539.6
3 	420966.8	249578.1
3 	420949.7	249622.5
3 	420931.4	249666.2
3 	420912.4	249709.2
3 	420888.6	249749.7
3 	420865.1	249789.8
3 	420842.3	249829.9
3 	420820.6	249870.1
3 	420799.	        249910.1
3 	420776.7	249949.3
3 	420754.	        249988.1
3 	420731.3	250026.9
3 	420707.4	250065.3
3 	420682.8	250104.
3 	420657.7	250143.3
3 	420620.7	250173.8
3 	420582.4	250204.
3 	420543.6	250234.6
3 	420523.2	250287.3
3 	420503.3	250340.
3 	420474.6	250386.6
3 	420446.2	250432.3
3 	420420.6	250478.3
3 	420395.4	250523.5
3 	420376.3	250570.6
3 	420362.1	250619.3
3 	420349.2	250667.9
3 	420339.	        250717.1
3 	420326.8	250765.4
3 	420306.4	250810.7
3 	420285.9	250855.9
3 	420272.	        250899.2
3 	420258.4	250942.4
3 	420245.1	250985.3
3 	420231.4	251027.5
3 	420217.5	251068.8
3 	420198.	        251106.1
3 	420172.3	251138.5
3 	420148.8	251170.9
3 	420127.3	251203.
3 	420105.3	251233.4
3 	420078.8	251258.1
3 	420052.5	251282.5
3 	420014.7	251302.4
3 	419976.2	251321.4
3 	419936.6	251338.5
3 	419895.	        251349.6
3 	419851.4	251354.8
3 	419807.5	251360.
3 	419763.4	251365.3
3 	419719.	        251367.9
3 	419674.3	251364.
3 	419629.7	251360.1
3 	419585.	        251356.2
3 	419541.3	251346.9
3 	419498.	        251335.1
3 	419454.7	251323.3
3 	419411.3	251311.4
3 	419369.8	251293.9
3 	419328.5	251275.6
3 	419288.	        251255.2
3 	419247.6	251234.8
3 	419212.	        251215.6
3 	419177.8	251194.1
3 	419145.7	251169.2
3 	419115.3	251141.8
3 	419084.7	251114.1
3 	419061.4	251079.8
3 	419039.8	251044.
3 	419018.1	251008.
3 	418997.3	250971.4
3 	418977.7	250934.2
3 	418958.	        250897.
3 	418945.5	250857.4
3 	418940.5	250815.2
3 	418937.2	250772.3
3 	418934.3	250728.8
3 	418931.3	250684.6
3 	418928.9	250639.8
3 	418927.	        250594.7
3 	418918.3	250543.9
3 	418911.9	250492.6
3 	418905.5	250440.9
3 	418901.4	250388.6
3 	418896.9	250335.7
3 	418892.4	250282.3
3 	418883.8	250228.8
3 	418874.9	250174.9
3 	418865.8	250120.5
3 	418856.8	250065.7
3 	418847.6	250010.6
3 	418837.1	249955.7
3 	418807.	        249910.5
3 	418777.9	249865.
3 	418750.3	249819.1
3 	418725.5	249772.3
3 	418701.3	249725.7
3 	418677.3	249679.4
3 	418651.3	249634.5
3 	418624.8	249590.
3 	418598.3	249545.4
3 	418570.9	249501.2
3 	418542.8	249457.1
3 	418514.5	249412.7
3 	418485.4	249368.4
3 	418454.3	249324.8
3 	418422.9	249280.9
3 	418391.	        249236.6
3 	418355.7	249194.5
3 	418321.3	249151.
3 	418287.6	249106.9
3 	418245.3	249074.9
3 	418202.8	249042.6
3 	418160.2	249009.7
3 	418116.8	248976.2
3 	418069.1	248948.
3 	418019.7	248920.2
3 	417966.9	248896.9
3 	417913.1	248873.1
3 	417855.8	248856.9
3 	417796.7	248843.7
3 	417736.2	248850.1
3 	417675.1	248856.8
3 	417612.5	248898.8
3 	417558.7	248950.2
3 	417518.2	249008.3
3 	417489.8	249070.2
3 	417472.1	249133.5
3 	417441.	        249187.5
3 	417418.6	249244.6
3 	417406.6	249294.
3 	417394.6	249343.4
3 	417370.8	249388.1
3 	417345.2	249432.2
3 	417322.7	249477.9
3 	417302.2	249524.7
3 	417280.	        249570.7
3 	417255.7	249615.7
3 	417232.1	249661.1
3 	417211.8	249707.9
3 	417191.5	249754.6
3 	417171.9	249801.5
3 	417152.3	249848.3
3 	417135.7	249904.5
3 	417120.1	249960.6
3 	417108.6	250016.8
3 	417100.2	250072.4
3 	417100.7	250128.1
3 	417101.4	250183.
3 	417102.2	250237.5
3 	417093.8	250291.2
3 	417084.2	250344.9
3 	417072.1	250398.3
3 	417058.3	250451.7
3 	417041.	        250502.5
3 	417027.2	250554.5
3 	417018.2	250608.1
3 	417016.2	250662.3
3 	417023.9	250716.9
3 	417030.7	250771.8
3 	417038.8	250826.1
3 	417053.6	250879.
3 	417070.5	250930.7
3 	417089.4	250981.7
3 	417123.1	251033.8
3 	417162.	        251081.4
3 	417201.2	251126.8
3 	417238.4	251171.3
3 	417275.5	251209.3
3 	417316.7	251243.7
3 	417356.6	251277.4
3 	417395.8	251309.7
3 	417432.	        251343.4
3 	417464.2	251379.
3 	417491.8	251417.2
3 	417517.9	251455.2
3 	417543.4	251492.5
3 	417569.	        251528.7
3 	417586.8	251567.7
3 	417596.6	251610.
3 	417609.5	251647.8
3 	417620.	        251685.8
3 	417620.	        251725.1
3 	417619.2	251764.
3 	417617.5	251802.5
3 	417602.8	251836.6
3 	417582.6	251868.8
3 	417564.8	251878.1
3 	417543.1	251879.
3 	417520.6	251879.
3 	417496.7	251879.2
3 	417471.6	251881.2
3 	417445.8	251882.8
3 	417397.9	251880.1
3 	417350.1	251875.8
3 	417302.2	251871.3
3 	417255.2	251861.4
3 	417208.2	251849.1
3 	417161.	        251836.7
3 	417113.5	251824.2
3 	417066.	        251810.
3 	417018.8	251794.3
3 	416971.5	251778.3
3 	416924.2	251761.9
3 	416877.1	251745.1
3 	416830.9	251725.5
3 	416784.1	251707.7
3 	416734.1	251699.1
3 	416686.3	251684.5
3 	416644.6	251653.9
3 	416602.3	251623.
3 	416554.9	251601.
3 	416504.	        251584.6
3 	416452.1	251570.
3 	416399.9	251555.9
3 	416345.4	251553.2
3 	416291.1	251547.
3 	416236.5	251540.9
3 	416181.9	251534.
3 	416126.7	251540.3
3 	416071.2	251546.5
3 	416016.4	251558.9
3 	415961.7	251571.8
3 	415907.6	251587.2
3 	415853.4	251602.6
3 	415802.	        251625.6
3 	415749.2	251645.2
3 	415706.3	251678.7
3 	415663.4	251712.2
3 	415619.8	251744.2
3 	415576.4	251776.1
3 	415533.2	251807.9
3 	415490.2	251839.5
3 	415446.9	251870.7
3 	415402.9	251900.6
3 	415359.1	251930.9
3 	415315.5	251961.5
3 	415282.6	252000.9
3 	415250.6	252041.1
3 	415218.4	252081.
3 	415184.3	252118.6
3 	415150.4	252156.1
3 	415115.9	252192.4
3 	415079.7	252226.5
3 	415043.7	252260.2
3 	415007.6	252293.4
3 	414970.3	252325.1
3 	414933.2	252356.8
3 	414895.	        252387.2
3 	414854.4	252415.1
3 	414813.7	252443.2
3 	414772.4	252471.1
3 	414730.8	252499.
3 	414689.8	252528.1
3 	414653.5	252555.9
3 	414617.	        252583.9
3 	414580.1	252612.2
3 	414539.5	252635.7
3 	414498.3	252659.5
3 	414456.6	252683.5
3 	414413.	        252704.2
3 	414368.8	252724.
3 	414324.4	252743.9
3 	414279.2	252761.2
3 	414232.1	252772.1
3 	414185.	        252783.1
3 	414138.	        252794.
3 	414086.2	252808.9
3 	414034.4	252823.8
3 	413982.7	252838.8
3 	413931.	        252854.2
3 	413879.3	252870.2
3 	413827.3	252886.2
3 	413774.7	252902.5
3 	413723.4	252923.5
3 	413671.6	252944.9
3 	413619.1	252966.6
3 	413569.7	252994.6
3 	413523.4	253028.2
3 	413476.7	253062.1
3 	413430.	        253096.1
3 	413403.1	253144.8
3 	413376.3	253193.3
3 	413350.	        253241.1
3 	413331.8	253292.4
3 	413314.1	253342.6
3 	413297.3	253392.3
3 	413281.9	253441.6
3 	413266.7	253490.3
3 	413252.8	253538.9
3 	413239.3	253587.2
3 	413225.9	253635.5
3 	413220.2	253685.3
3 	413214.5	253735.
3 	413208.8	253784.4
3 	413202.4	253833.2
3 	413195.6	253881.5
3 	413188.8	253929.5
3 	413181.2	253976.9
3 	413167.6	254022.8
3 	413153.9	254068.6
3 	413140.3	254114.4
3 	413126.7	254160.2
3 	413113.1	254206.
3 	413099.4	254251.8
3 	413085.7	254297.7
3 	413065.3	254341.1
3 	413044.8	254384.7
3 	413024.3	254428.5
3 	413003.7	254472.4
3 	412983.	        254516.5
3 	412962.2	254560.8
3 	412941.4	254605.2
3 	412919.6	254649.
3 	412897.8	254692.9
3 	412876.2	254736.6
3 	412854.2	254779.9
3 	412831.9	254823.
3 	412809.8	254865.8
3 	412787.8	254908.7
3 	412769.9	254956.7
3 	412752.	        255004.6
3 	412733.8	255052.
3 	412715.2	255099.
3 	412696.6	255145.8
3 	412674.3	255190.4
3 	412652.1	255234.7
3 	412630.1	255278.8
3 	412608.2	255322.6
3 	412586.5	255366.1
3 	412562.6	255407.8
3 	412536.8	255447.8
3 	412511.4	255487.3
3 	412486.3	255526.2
3 	412461.8	255564.3
3 	412437.7	255601.7
3 	412411.6	255636.7
3 	412385.4	255670.6
3 	412359.6	255704.1
3 	412322.3	255721.7
3 	412283.1	255735.7
3 	412243.9	255749.9
3 	412202.9	255767.1
3 	412161.7	255784.5
3 	412118.9	255798.8
3 	412074.3	255809.5
3 	412028.9	255820.3
3 	411981.4	255823.2
3 	411933.	        255825.6
3 	411883.8	255827.5
3 	411833.9	255828.7
3 	411783.8	255829.8
3 	411815.4	255985.1
3 	411905.9	255971.8
3 	411952.9	255966.2
3 	412001.5	255962.2
3 	412051.1	255958.2
3 	412101.7	255954.1
3 	412153.1	255949.8
3 	412205.8	255946.1
3 	412259.6	255943.2
3 	412314.2	255940.2
3 	412369.1	255917.2
3 	412424.4	255892.5
3 	412476.	        255859.3
3 	412527.3	255825.1
3 	412567.	        255780.2
3 	412601.4	255733.
3 	412634.5	255687.5
3 	412662.	        255640.8
3 	412685.6	255593.2
3 	412708.9	255546.3
3 	412730.5	255499.2
3 	412751.5	255452.4
3 	412772.5	255405.9
3 	412793.9	255360.
3 	412815.2	255314.2
3 	412836.5	255268.6
3 	412858.7	255223.4
3 	412881.1	255178.5
3 	412903.2	255134.1
3 	412926.7	255091.3
3 	412949.8	255049.2
3 	412972.6	255007.6
3 	412992.1	254959.6
3 	413011.4	254912.1
3 	413030.5	254865.3
3 	413050.1	254819.2
3 	413070.3	254773.9
3 	413090.4	254728.5
3 	413110.6	254683.1
3 	413130.6	254637.6
3 	413150.5	254592.1
3 	413170.6	254546.4
3 	413190.7	254500.4
3 	413211.1	254454.
3 	413231.6	254407.
3 	413252.3	254359.8
3 	413267.5	254310.4
3 	413282.1	254261.2
3 	413296.6	254212.2
3 	413311.1	254163.5
3 	413325.6	254114.6
3 	413340.2	254065.2
3 	413355.	        254015.5
3 	413362.4	253964.2
3 	413369.2	253913.2
3 	413376.	        253863.
3 	413383.3	253813.8
3 	413391.2	253765.7
3 	413398.9	253718.4
3 	413406.6	253671.6
3 	413415.3	253626.8
3 	413424.1	253582.
3 	413434.1	253537.5
3 	413445.1	253493.8
3 	413455.8	253450.7
3 	413467.7	253408.9
3 	413485.6	253371.
3 	413510.1	253337.4
3 	413534.7	253305.1
3 	413559.	        253273.7
3 	413582.8	253242.8
3 	413615.5	253211.7
3 	413648.7	253180.9
3 	413682.	        253150.1
3 	413716.2	253120.3
3 	413754.4	253095.4
3 	413795.1	253074.2
3 	413839.7	253059.2
3 	413885.5	253044.6
3 	413932.7	253030.9
3 	413980.3	253017.
3 	414028.	        253003.
3 	414075.1	252988.8
3 	414121.3	252974.8
3 	414167.	        252961.
3 	414219.8	252944.
3 	414272.4	252927.1
3 	414324.4	252910.4
3 	414376.1	252894.1
3 	414427.7	252878.
3 	414479.3	252861.9
3 	414530.7	252845.
3 	414579.9	252822.7
3 	414629.5	252800.2
3 	414679.9	252777.3
3 	414733.	        252755.9
3 	414788.1	252734.
3 	414844.5	252711.6
3 	414882.8	252681.1
3 	414920.	        252648.2
3 	414956.8	252613.4
3 	414994.2	252578.
3 	415031.8	252542.
3 	415067.7	252503.7
3 	415103.5	252465.4
3 	415139.	        252426.9
3 	415173.	        252387.4
3 	415206.8	252348.2
3 	415238.5	252308.4
3 	415265.3	252265.6
3 	415298.2	252229.
3 	415334.6	252196.1
3 	415371.5	252164.1
3 	415410.2	252134.2
3 	415450.2	252106.2
3 	415485.3	252071.7
3 	415520.5	252036.9
3 	415556.2	252002.
3 	415592.3	251967.2
3 	415630.5	251934.7
3 	415668.5	251902.3
3 	415708.9	251873.8
3 	415748.8	251845.9
3 	415789.4	251820.5
3 	415831.7	251798.7
3 	415870.8	251779.1
3 	415910.8	251761.2
3 	415952.	        251746.5
3 	415995.9	251742.4
3 	416039.8	251738.8
3 	416083.5	251736.1
3 	416127.1	251737.
3 	416170.3	251742.4
3 	416213.6	251752.9
3 	416257.5	251763.6
3 	416302.	        251774.8
3 	416346.8	251786.8
3 	416391.7	251799.6
3 	416436.5	251812.3
3 	416482.	        251823.
3 	416528.2	251834.3
3 	416575.1	251848.2
3 	416623.2	251863.1
3 	416671.8	251879.6
3 	416720.6	251896.2
3 	416769.3	251912.8
3 	416818.	        251929.4
3 	416866.8	251945.9
3 	416917.2	251955.7
3 	416967.2	251965.3
3 	417016.6	251974.8
3 	417064.6	251988.4
3 	417108.7	252015.1
3 	417154.4	252042.3
3 	417207.	        252053.4
3 	417260.2	252064.7
3 	417313.	        252075.9
3 	417365.	        252086.9
3 	417416.4	252098.4
3 	417466.9	252112.5
3 	417522.6	252126.2
3 	417587.3	252121.6
3 	417654.3	252091.
3 	417714.4	252032.2
3 	417779.2	251971.2
3 	417795.5	251905.2
3 	417838.2	251856.2
3 	417845.	        251788.5
3 	417847.2	251720.9
3 	417844.1	251656.5
3 	417817.5	251599.2
3 	417795.6	251541.8
3 	417759.5	251494.2
3 	417726.6	251445.6
3 	417695.	        251398.4
3 	417657.8	251358.
3 	417621.3	251319.5
3 	417585.7	251281.9
3 	417550.9	251244.8
3 	417521.4	251204.1
3 	417492.6	251164.2
3 	417464.4	251125.2
3 	417437.	        251087.3
3 	417410.8	251050.7
3 	417386.2	251016.2
3 	417363.7	250984.8
3 	417345.6	250955.4
3 	417329.2	250928.
3 	417309.1	250881.5
3 	417289.7	250835.9
3 	417286.8	250788.4
3 	417285.4	250741.7
3 	417281.5	250695.9
3 	417276.2	250650.2
3 	417272.9	250603.7
3 	417270.9	250555.4
3 	417272.1	250504.7
3 	417275.9	250452.3
3 	417278.8	250406.1
3 	417284.	        250358.8
3 	417290.7	250310.
3 	417297.5	250259.7
3 	417305.7	250209.2
3 	417316.	        250159.6
3 	417326.	        250111.3
3 	417334.3	250064.5
3 	417339.4	250019.1
3 	417346.3	249976.
3 	417354.2	249934.2
3 	417366.1	249883.2
3 	417382.7	249834.1
3 	417400.	        249786.
3 	417417.1	249738.3
3 	417434.3	249690.7
3 	417451.7	249643.1
3 	417469.	        249595.2
3 	417486.5	249547.1
3 	417504.1	249498.8
3 	417522.1	249450.5
3 	417540.	        249402.
3 	417557.9	249353.7
3 	417578.8	249306.8
3 	417593.2	249265.8
3 	417607.4	249225.8
3 	417628.5	249192.9
3 	417647.7	249163.1
3 	417674.2	249148.4
3 	417697.9	249136.6
3 	417719.3	249125.8
3 	417754.4	249120.7
3 	417790.2	249120.2
3 	417826.3	249121.7
3 	417863.3	249124.7
3 	417900.7	249131.7
3 	417938.3	249142.1
3 	417976.2	249153.6
3 	418014.7	249165.6
3 	418048.3	249188.5
3 	418082.1	249213.1
3 	418115.1	249240.3
3 	418148.1	249268.1
3 	418179.6	249300.
3 	418211.6	249332.4
3 	418243.3	249366.
3 	418274.9	249400.8
3 	418306.4	249436.3
3 	418331.7	249477.
3 	418357.2	249518.2
3 	418383.	        249559.6
3 	418408.9	249601.4
3 	418434.5	249643.5
3 	418458.1	249687.
3 	418481.7	249730.5
3 	418505.5	249774.3
3 	418529.3	249818.3
3 	418553.4	249862.1
3 	418577.2	249905.1
3 	418600.4	249946.9
3 	418622.3	249987.5
3 	418640.5	250028.6
3 	418654.2	250072.3
3 	418666.4	250117.2
3 	418676.8	250163.5
3 	418687.3	250210.5
3 	418697.9	250257.7
3 	418708.5	250304.9
3 	418708.1	250353.5
3 	418707.1	250402.7
3 	418706.1	250452.7
3 	418702.1	250503.7
3 	418698.6	250555.3
3 	418696.1	250607.3
3 	418699.5	250656.2
3 	418702.9	250706.2
3 	418704.8	250758.1
3 	418705.5	250812.4
3 	418713.	        250867.2
3 	418736.8	250919.4
3 	418760.5	250971.4
3 	418783.9	251022.4
3 	418806.7	251072.4
3 	418836.2	251117.8
3 	418867.9	251161.9
3 	418899.9	251206.7
3 	418932.6	251252.2
3 	418966.4	251297.7
3 	419013.2	251331.
3 	419060.2	251364.6
3 	419104.9	251402.2
3 	419152.9	251435.9
3 	419202.	        251453.6
3 	419251.9	251469.2
3 	419301.9	251485.5
3 	419351.8	251503.7
3 	419401.9	251522.
3 	419455.1	251528.
3 	419508.1	251534.
3 	419561.	        251540.1
3 	419613.9	251546.1
3 	419666.8	251550.4
3 	419719.8	251547.4
3 	419772.7	251544.4
3 	419825.6	251541.5
3 	419878.8	251538.4
3 	419932.4	251533.7
3 	419986.1	251522.9
3 	420040.7	251512.2
3 	420096.7	251504.3
3 	420153.2	251496.2
3 	420210.3	251454.
3 	420265.4	251413.4
3 	420306.9	251366.2
3 	420334.4	251313.1
3 	420360.2	251263.5
3 	420384.7	251216.2
3 	420408.3	251170.
3 	420431.7	251124.7
3 	420454.8	251080.
3 	420478.7	251036.1
3 	420503.7	250993.
3 	420529.8	250950.4
3 	420550.	        250907.4
3 	420568.8	250864.
3 	420589.1	250821.7
3 	420609.4	250780.4
3 	420632.3	250741.4
3 	420656.5	250703.3
3 	420681.2	250664.5
3 	420706.4	250624.6
3 	420725.7	250581.3
3 	420740.	        250537.2
3 	420754.5	250496.8
3 	420769.	        250460.8
3 	420782.4	250427.4
3 	420816.1	250397.2
3 	420852.5	250365.5
3 	420894.4	250333.1
3 	420938.	        250297.3
3 	420968.8	250248.4
3 	420999.5	250199.7
3 	421029.1	250151.8
3 	421053.7	250102.3
3 	421078.	        250053.4
3 	421102.3	250004.5
3 	421119.9	249953.
3 	421134.3	249900.1
3 	421148.8	249847.5
3 	421156.7	249794.2
3 	421161.8	249741.3
3 	421169.	        249690.1
3 	421176.6	249639.6
3 	421155.3	249565.7
3 	421136.9	249495.4
3 	421116.2	249432.7
3 	421094.3	249376.7
3 	421073.8	249324.2
3 	421054.1	249272.7
3 	421034.7	249220.8
3 	421015.2	249168.7
3 	420991.5	249120.5
3 	420963.6	249079.2
3 	420940.9	249041.8
3 	420922.9	249008.5
3 	420906.3	248978.8
3 	420874.9	248938.5
3 	420844.3	248899.
3 	420818.8	248859.5
3 	420794.2	248821.4
3 	420790.4	248778.9
3 	420788.6	248735.5
3 	420786.8	248690.9
3 	420784.9	248644.7
3 	420783.	        248597.2
3 	420781.5	248549.4
3 	420779.9	248501.6
3 	420779.2	248453.1
3 	420779.6	248403.4
3 	420780.	        248352.6
3 	420773.2	248306.4
3 	420766.5	248263.8
3 	420763.3	248225.6
3 	420768.	        248191.1
3 	420773.9	248157.9
3 	420788.7	248126.3
3 	420806.2	248094.5
3 	420825.1	248062.5
3 	420845.3	248031.4
3 	420865.6	248000.6
3 	420899.3	247959.4
3 	420932.8	247918.6
3 	420966.5	247878.7
3 	421000.3	247839.7
3 	421033.9	247801.1
3 	421071.3	247767.1
3 	421108.2	247733.5
3 	421144.9	247701.6
3 	421181.1	247671.2
3 	421216.5	247641.5
3 	421258.	        247618.7
3 	421299.6	247596.2
3 	421340.8	247574.2
3 	421382.2	247553.6
3 	421423.1	247533.2
3 	421464.1	247512.5
3 	421505.7	247491.2
3 	421548.7	247469.3
3 	421593.2	247447.2
3 	421639.2	247425.1
3 	421685.8	247402.8
3 	421727.9	247389.3
3 	421771.2	247375.4
3 	421816.4	247361.5
3 	421863.3	247347.9
3 	421911.3	247333.9
3 	421959.9	247319.8
3 	422008.7	247305.6
3 	422057.7	247291.4
3 	422107.	        247277.
3 	422156.4	247262.6
3 	422206.1	247248.1
3 	422255.8	247233.6
3 	422305.6	247219.1
3 	422355.4	247204.6
3 	422404.7	247189.6
3 	422453.5	247174.6
3 	422501.7	247160.8
3 	422549.3	247148.5
3 	422596.4	247136.4
3 	422646.	        247121.8
3 	422696.3	247106.9
3 	422747.7	247092.6
3 	422797.9	247077.
3 	422840.1	247045.8
3 	422880.6	247015.8
3 	422924.9	246999.9
3 	422969.6	246986.8
3 	423014.2	246976.5
3 	423059.1	246967.7
3 	423104.4	246964.7
3 	423150.3	246968.4
3 	423196.4	246972.
3 	423244.	        246970.8
3 	423291.3	246969.7
3 	423338.2	246971.6
3 	423384.9	246978.8
3 	423432.4	246986.
3 	423479.6	247001.3
3 	423526.8	247022.4
3 	423575.1	247044.
3 	423613.6	247057.9
3 	423653.	        247072.1
3 	423694.1	247087.5
3 	423737.3	247103.9
3 	423782.7	247121.2
3 	423830.	        247139.1
3 	423878.4	247157.5
3 	423927.4	247176.
3 	423976.4	247194.6
3 	424025.2	247213.1
3 	424073.8	247231.9
3 	424122.4	247250.8
3 	424167.6	247275.1
3 	424214.4	247301.3
3 	424265.2	247327.
3 	424322.1	247343.8
3 	424381.2	247358.7
3 	424441.2	247365.8
3 	424499.8	247372.7
3 	424555.1	247363.
3 	424608.6	247352.9
3 	424661.1	247343.
3 	424713.	        247329.7
3 	424764.8	247316.5
3 	424813.5	247298.6
3 	424855.1	247268.
3 	424897.9	247245.5
3 	424945.1	247235.2
3 	424991.8	247223.4
3 	425038.5	247211.
3 	425085.6	247198.2
3 	425133.3	247184.6
3 	425182.3	247169.9
3 	425233.8	247155.1
3 	425289.4	247144.1
3 	425346.8	247132.7
3 	425386.6	247115.5
3 	425426.1	247098.4
3 	425466.2	247084.3
3 	425506.6	247071.9
3 	425547.1	247059.4
3 	425588.4	247048.8
3 	425630.4	247040.2
3 	425672.3	247031.7
3 	425713.8	247026.2
3 	425758.5	247032.2
3 	425804.7	247038.5
3 	425850.2	247053.7
3 	425893.5	247090.3
3 	425950.5	247102.9
3 	426013.5	247111.
3 	426079.6	247108.5
3 	426138.9	247089.
3 	426195.	        247070.2
3 	426238.2	247032.
3 	426278.8	246996.2
3 	426325.6	246976.5
3 	426372.8	246956.8
3 	426420.7	246936.
3 	426463.9	246903.8
3 	426508.2	246870.8
3 	426552.6	246837.
3 	426587.8	246792.5
3 	426622.4	246748.9
3 	426654.8	246706.
3 	426685.2	246664.5
3 	426714.6  	246624.3 
