  1029
     8
  1262.815   627.576   106.441   319.588
     1   107.251   359.386  5    10.00    731    191      2      0      0      0      0      0
     2   130.747   358.863  1    10.00    801    731      1      3      0      0      0      0
     3   141.458   356.117  1    10.00    757    801      2      4      0      0      0      0
     4   158.171   353.208  1    10.00    627    757      3      5      0      0      0      0
     5   176.545   350.289  1    10.00    627      4      6      0      0      0      0      0
     6   185.738   349.979  1    10.00    750    627      5      7      0      0      0      0
     7   196.585   348.381  1    10.00      8    750      6      0      0      0      0      0
     8   216.765   348.644  1    10.00    793    750      7      9      0      0      0      0
     9   228.378   347.170  1    10.00     10    806    793      8      0      0      0      0
    10   236.809   347.375  1    10.00    820    806      9     11      0      0      0      0
    11   256.822   346.005  1    10.00     12    820     10      0      0      0      0      0
    12   256.521   354.793  1    10.00     13    820     11      0      0      0      0      0
    13   257.517   371.901  1    10.00     14    784    806    820     12      0      0      0
    14   257.634   391.568  1    10.00     15    773    784     13      0      0      0      0
    15   257.172   399.872  1    10.00     16    773     14      0      0      0      0      0
    16   257.771   414.556  1    10.00     17    711    773     15      0      0      0      0
    17   257.586   426.434  1    10.00    959   1002    711     16      0      0      0      0
    18   257.180   443.933  1    10.00    958   1000   1003    959      0      0      0      0
    19   256.940   468.073  1    10.00     20   1015   1001    958      0      0      0      0
    20   256.983   475.224  1    10.00   1007   1012   1015     19    961      0      0      0
    21   267.319   473.758  1    10.00    997    961    960      0      0      0      0      0
    22   283.804   474.282  1    10.00    990   1022   1009    960     23    998      0      0
    23   283.997   464.974  1    10.00    998     22     24    993      0      0      0      0
    24   283.418   453.483  1    10.00    993     23     25    994      0      0      0      0
    25   283.866   442.880  1    10.00    994     24     26    995      0      0      0      0
    26   284.539   427.295  1    10.00    995     25     27   1004    996      0      0      0
    27   283.559   412.869  1    10.00   1004     26     28      0      0      0      0      0
    28   282.731   402.530  1    10.00   1005   1004     27     29    763      0      0      0
    29   283.298   390.521  1    10.00    763     28     30      0      0      0      0      0
    30   282.869   382.861  1    10.00    763     29     31    737      0      0      0      0
    31   282.041   372.521  1    10.00    737     30     32    803      0      0      0      0
    32   283.142   364.341  1    10.00     31     33     34    826    803      0      0      0
    33   281.497   345.449  1    10.00     32     34      0      0      0      0      0      0
    34   289.795   344.888  1    10.00     35    826     32     33      0      0      0      0
    35   298.863   344.962  1    10.00     36    826     34      0      0      0      0      0
    36   314.700   344.995  1    10.00    718    803    826     35     37      0      0      0
    37   332.068   344.892  1    10.00    692    718     36     38      0      0      0      0
    38   345.979   343.276  1    10.00     39    692     37      0      0      0      0      0
    39   356.718   345.000  1    10.00    673    641    692     38     40      0      0      0
    40   367.061   344.683  1    10.00     41    788    673     39      0      0      0      0
    41   379.579   345.120  1    10.00    788     40     42      0      0      0      0      0
    42   395.791   343.746  1    10.00    693    788     41     43      0      0      0      0
    43   402.809   342.810  1    10.00     44    693     42      0      0      0      0      0
    44   419.287   343.223  1    10.00     45    732    693     43      0      0      0      0
    45   428.360   344.063  1    10.00    717    654    732     44     46      0      0      0
    46   464.494   342.570  1    10.00     47    702    717     45      0      0      0      0
    47   477.398   343.387  1    10.00     48    825    702     46      0      0      0      0
    48   499.621   343.510  1    10.00    780    735    825     47     49      0      0      0
    49   529.878   341.669  1    10.00     50    780     48      0      0      0      0      0
    50   545.341   343.365  1    10.00     51    638    780     49      0      0      0      0
    51   560.934   345.316  1    10.00    677    610    638     50     52      0      0      0
    52   586.199   341.589  1    10.00     53    677     51      0      0      0      0      0
    53   606.137   344.025  1    10.00     54    659    677     52      0      0      0      0
    54   619.039   344.459  1    10.00     55    685    659     53      0      0      0      0
    55   637.815   344.730  1    10.00     56    713    685     54      0      0      0      0
    56   649.440   345.299  1    10.00    747    713     55     57      0      0      0      0
    57   657.613   345.250  1    10.00    747     56     58      0      0      0      0      0
    58   675.115   344.839  1    10.59    760    747     57     59      0      0      0      0
    59   689.268   342.124  1    10.00     60    765    760     58      0      0      0      0
    60   703.712   344.209  1    10.00    798    765     59     61      0      0      0      0
    61   716.971   340.299  1    10.00    798     60     62      0      0      0      0      0
    62   725.256   337.568  1    10.00    807    759    798     61     63      0      0      0
    63   746.554   332.460  1    10.00    807     62     64      0      0      0      0      0
    64   760.466   331.100  1    10.00    797    770    807     63     65      0      0      0
    65   773.353   328.980  1    10.00    814    797     64     66      0      0      0      0
    66   788.667   326.973  1    10.00    814     65     67      0      0      0      0      0
    67   804.617   324.579  1    10.00    802    814     66     68      0      0      0      0
    68   822.990   321.659  1    10.00    809    802     67     69      0      0      0      0
    69   851.717   320.211  1    10.00    821    809     68     70      0      0      0      0
    70   870.487   319.588  1    10.00     71    818    821     69      0      0      0      0
    71   883.643   319.893  1    10.00     72    818     70      0      0      0      0      0
    72   893.611   320.855  1    10.00     73    766    818     71      0      0      0      0
    73   914.576   324.179  1    10.00     74    796    766     72      0      0      0      0
    74   928.546   332.525  1    10.00     75    762    697    796     73      0      0      0
    75   941.860   337.809  1    10.00     76    762     74      0      0      0      0      0
    76   957.590   341.292  1    10.00     77    640    762     75      0      0      0      0
    77   968.199   342.888  1    10.00     78    660    640     76      0      0      0      0
    78   976.634   343.860  1    10.00     79    660     77      0      0      0      0      0
    79   986.355   346.229  1    10.00     80    758    660     78      0      0      0      0
    80   997.606   348.333  1    10.00     81    758     79      0      0      0      0      0
    81  1009.755   351.070  1    10.00    943    630    758     80     82      0      0      0
    82  1019.970   350.754  1    10.00     83    748    943     81      0      0      0      0
    83  1035.424   350.789  1    10.00     84    748     82      0      0      0      0      0
    84  1045.262   351.497  1    10.00    720    748     83     85      0      0      0      0
    85  1055.859   350.923  1    10.00    720     84     86      0      0      0      0      0
    86  1069.906   350.584  1    10.00    778    720     85     87      0      0      0      0
    87  1077.694   350.154  1    10.00    778     86     88      0      0      0      0      0
    88  1089.309   349.063  1    10.00    823    729    778     87     89      0      0      0
    89  1108.329   347.417  1    10.00    751    823     88     90      0      0      0      0
    90  1117.266   346.981  1    10.00    817    676    751     89     91      0      0      0
    91  1132.324   344.975  1    10.00    817     90     92      0      0      0      0      0
    92  1148.538   343.985  1    10.00    738    817     91     93      0      0      0      0
    93  1158.236   342.522  1    10.00    761    738     92     94      0      0      0      0
    94  1174.444   340.638  1    10.00    761     93     95      0      0      0      0      0
    95  1182.992   339.182  1    10.00    789    761     94     96      0      0      0      0
    96  1199.975   338.698  1    10.00    789     95     97      0      0      0      0      0
    97  1214.150   338.485  1    10.00    727    707    789     96     98      0      0      0
    98  1234.834   337.596  1    10.00    824    727     97     99      0      0      0      0
    99  1262.815   336.291  1    10.00    100    824     98      0      0      0      0      0
   100  1262.815   352.424  7    11.30    101    734    824     99      0      0      0      0
   101  1261.191   366.940  7    12.21    102    594    632    734    100      0      0      0
   102  1260.776   383.035  7    13.35    103    594    101      0      0      0      0      0
   103  1259.345   400.157  7    14.56    104    954    481    594    102      0      0      0
   104  1261.472   414.065  7    15.54    105    955    954    103      0      0      0      0
   105  1259.967   440.128  7    17.38    951    281    955    104      0      0      0      0
   106  1260.531   470.521  7    18.00    107    953    281    951      0      0      0      0
   107  1261.383   484.819  7    18.00    108    288    952    953    106      0      0      0
   108  1260.714   501.171  7    16.21    109    288    107      0      0      0      0      0
   109  1259.114   511.270  7    15.09    110    528    288    108      0      0      0      0
   110  1259.359   524.519  7    14.20    111    636    528    109      0      0      0      0
   111  1259.399   537.705  7    12.20    112    636    110      0      0      0      0      0
   112  1260.540   557.749  1    10.00    113    957    636    111      0      0      0      0
   113  1232.708   559.447  1    10.00    114    663    956    957    112      0      0      0
   114  1211.785   563.020  1    10.00    115    664    663    113      0      0      0      0
   115  1203.095   562.178  1    10.00    114    116    794    664      0      0      0      0
   116  1187.538   566.230  1    10.00    117    794    115      0      0      0      0      0
   117  1172.343   566.704  1    10.00    118    781    672    644    794    116      0      0
   118  1156.149   571.015  1    10.00    119    781    117      0      0      0      0      0
   119  1144.014   570.704  1    10.00    118    120    687    781      0      0      0      0
   120  1126.782   572.212  1    10.00    121    698    687    119      0      0      0      0
   121  1105.982   575.145  1    10.00    122    774    696    698    120      0      0      0
   122  1086.714   577.942  1    10.00    123    774    121      0      0      0      0      0
   123  1070.632   579.698  1    10.00    124    699    705    774    122      0      0      0
   124  1060.682   581.545  1    10.00    125    753    699    123      0      0      0      0
   125  1045.125   585.597  1    10.00    126    808    753    124      0      0      0      0
   126  1026.499   589.029  1    10.00    127    810    725    808    125      0      0      0
   127  1001.489   592.626  1    10.00    128    810    126      0      0      0      0      0
   128   990.123   592.822  1    10.00    129    804    724    739    810    127      0      0
   129   973.040   597.904  1    10.00    130    792    804    128      0      0      0      0
   130   956.441   598.514  1    10.00    131    775    792    129      0      0      0      0
   131   937.449   604.885  1    10.00    132    775    130      0      0      0      0      0
   132   925.328   606.746  1    10.00    133    785    775    131      0      0      0      0
   133   905.057   612.741  1    10.00    134    790    785    132      0      0      0      0
   134   891.132   612.058  1    10.00    133    135    811    790      0      0      0      0
   135   881.062   615.311  1    10.00    136    811    134      0      0      0      0      0
   136   855.401   616.869  1    10.00    137    800    811    135      0      0      0      0
   137   844.428   618.722  1    10.00    138    779    800    136      0      0      0      0
   138   825.389   617.047  1    10.00    137    139    795    779      0      0      0      0
   139   813.144   616.515  1    10.07    138    140    795      0      0      0      0      0
   140   794.481   616.849  1    10.00    141    822    769    795    139      0      0      0
   141   774.669   614.157  1    10.00    140    142    822      0      0      0      0      0
   142   764.622   612.958  1    10.00    141    143    816    754    822      0      0      0
   143   752.430   611.224  1    10.00    142    144    816      0      0      0      0      0
   144   736.320   608.255  1    10.00    143    145    776    816      0      0      0      0
   145   718.792   603.123  1    10.00    144    146    813    776      0      0      0      0
   146   699.108   600.303  1    10.00    145    147    681    712    813      0      0      0
   147   683.262   598.737  1    10.00    146    148    812    667    681      0      0      0
   148   663.462   597.961  1    10.00    147    149    812      0      0      0      0      0
   149   642.396   599.237  1    10.00    150    791    733    812    148      0      0      0
   150   621.447   598.467  1    10.00    149    151    752    682    791      0      0      0
   151   600.629   598.464  1    10.00    150    152    767    752      0      0      0      0
   152   585.944   598.807  1    10.00    153    756    767    151      0      0      0      0
   153   561.422   598.570  1    10.00    152    154    783    716    684    756      0      0
   154   532.054   599.639  1    10.00    155    708    783    153      0      0      0      0
   155   508.819   601.054  1    10.00    156    782    708    154      0      0      0      0
   156   493.368   601.529  1    10.00    157    764    782    155      0      0      0      0
   157   465.263   600.292  1    10.00    156    158    786    764      0      0      0      0
   158   454.909   598.694  1    10.00    157    159    744    786      0      0      0      0
   159   434.725   597.792  1    10.00    158    160    815    744      0      0      0      0
   160   423.867   597.346  1    10.00    159    161    819    815      0      0      0      0
   161   399.223   598.131  1    10.00    162    787    819    160      0      0      0      0
   162   372.143   597.399  1    10.00    161    163    771    787      0      0      0      0
   163   354.387   596.738  1    10.00    162    164    736    771      0      0      0      0
   164   336.140   599.529  1    10.00    165    695    736    163      0      0      0      0
   165   326.186   600.866  1    10.00    166    746    695    164      0      0      0      0
   166   307.942   604.039  1    10.00    167    714    746    165      0      0      0      0
   167   279.345   605.870  1    10.00    168    635    714    166      0      0      0      0
   168   260.330   608.282  1    10.00    169    772    635    167      0      0      0      0
   169   228.688   613.452  1    10.00    170    777    655    772    168      0      0      0
   170   209.929   615.990  1    10.00    171    799    691    777    169      0      0      0
   171   196.140   616.583  1    10.00    172    799    170      0      0      0      0      0
   172   172.412   621.195  1    10.00    173    749    799    171      0      0      0      0
   173   160.415   622.543  1    10.00    174    740    768    749    172      0      0      0
   174   138.848   625.226  1    10.00    175    805    740    173      0      0      0      0
   175   132.981   626.538  1    10.00    176    805    174      0      0      0      0      0
   176   108.849   627.576  5    10.00    177    805    175      0      0      0      0      0
   177   108.838   604.332  5    12.01    805    176    178    719      0      0      0      0
   178   107.753   593.738  5    12.93    719    177    179    637      0      0      0      0
   179   108.278   574.706  5    14.58    637    178    180    471      0      0      0      0
   180   106.845   548.533  5    16.85    471    179    181    290      0      0      0      0
   181   108.172   535.371  5    18.00    290    180    182    265      0      0      0      0
   182   107.973   523.494  5    18.00    181    183    233    265      0      0      0      0
   183   107.331   501.404  5    18.00    233    182    184      0      0      0      0      0
   184   107.878   486.075  5    18.00    233    183    185    221      0      0      0      0
   185   107.912   470.366  5    18.00    221    184    186    949      0      0      0      0
   186   107.045   453.513  5    18.00    949    185    187      0      0      0      0      0
   187   107.999   442.141  5    18.00    315    949    186    188      0      0      0      0
   188   108.554   428.089  5    16.64    315    187    189    417      0      0      0      0
   189   107.832   414.044  5    15.29    417    188    190    491      0      0      0      0
   190   106.441   395.023  5    13.43    491    189    191    731    605      0      0      0
   191   106.735   380.079  5    11.99    190      1    731      0      0      0      0      0
   192  1057.869   430.744  1    17.98    193    835    828    203      0      0      0      0
   193  1058.106   438.399  1    17.99    194    827    835    192      0      0      0      0
   194  1058.342   446.055  1    18.00    195    829    827    193      0      0      0      0
   195  1065.345   446.212  1    18.00    196    833    829    194      0      0      0      0
   196  1072.349   446.370  1    18.00    197    832    833    195      0      0      0      0
   197  1079.352   446.527  1    18.00    832    196    198    830      0      0      0      0
   198  1079.547   438.733  1    18.00    830    197    199      0      0      0      0      0
   199  1079.742   430.938  1    18.00    839    830    198    200    844      0      0      0
   200  1079.937   423.144  1    18.00    844    199    201    895    899      0      0      0
   201  1072.225   423.249  1    18.00    202    877    895    200      0      0      0      0
   202  1064.514   423.354  1    18.00    203    877    201      0      0      0      0      0
   203  1056.802   423.459  1    18.00    192    828    907    877    202      0      0      0
   204   512.460   463.457  0    17.98    223    205    214    298    295    254      0      0
   205   515.131   482.183  0    17.98    256    262    214    204    223      0      0      0
   206   595.088   477.375  0    17.98    226    215    211    207    208      0      0      0
   207   582.196   464.715  0    18.00    206    211    222    240    316    208      0      0
   208   602.988   460.787  0    17.99    226    206    207    316    300    216      0      0
   209   753.180   469.364  0    17.90    252    257    210    212    280    279      0      0
   210   729.778   475.957  0    17.98    257    286    229    230    212    209      0      0
   211   576.241   485.272  0    18.00    215    267    246    222    207    206      0      0
   212   741.043   453.730  0    17.85    209    210    230    313    284    280      0      0
   213   454.101   473.413  0    17.95    247    249    234    261    259    225      0      0
   214   493.096   480.012  0    17.91    205    262    263    247    225    298    204      0
   215   594.888   494.871  0    17.82    293    310    267    211    206    226      0      0
   216   626.286   459.997  0    17.89    238    226    208    300    326    227      0      0
   217   683.740   486.700  0    17.90    264    273    258    218    219    229      0      0
   218   668.258   468.209  0    18.00    217    258    238    227    303    224    219      0
   219   693.970   463.772  0    17.99    229    217    218    224    299    230      0      0
   220   142.410   480.037  0    17.94    228    242    221    950    272      0      0      0
   221   123.844   480.209  0    17.97    242    233    184    185    949    950    220      0
   222   560.255   470.703  0    17.99    211    246    223    260    240    207      0      0
   223   535.377   473.281  0    18.00    246    256    205    204    254    260    222      0
   224   684.510   448.075  0    17.95    219    218    303    320    299      0      0      0
   225   473.221   469.095  0    17.96    214    247    213    259    298      0      0      0
   226   612.508   479.656  0    17.96    238    293    215    206    208    216      0      0
   227   648.010   457.554  0    17.84    218    238    216    326    303      0      0      0
   228   164.538   487.365  0    17.94    231    239    243    242    220    272    302    287
   229   706.456   481.875  0    17.97    286    264    217    219    230    210      0      0
   230   718.073   458.275  0    17.94    210    229    219    299    313    212      0      0
   231   188.578   492.586  0    17.70    248    239    228    287    342      0      0      0
   232   348.385   501.387  0    17.70    241    283    236    968    969    327      0      0
   233   118.334   503.114  0    17.98    265    182    183    184    221    242      0      0
   234   435.468   474.404  0    17.93    249    251    309    261    213      0      0      0
   235  1228.398   456.725  0    17.83    953    278    245    289    322    281      0      0
   236   333.097   519.923  0    17.66    283    307    294    250    970    968    232      0
   237   402.907   475.565  0    17.91    251    244    268    319    309      0      0      0
   238   639.627   482.913  0    17.90    258    370    293    226    216    227    218      0
   239   181.096   512.705  0    17.84    285    308    338    243    228    231    248      0
   240   567.454   452.834  0    17.93    207    222    260    317    316      0      0      0
   241   374.134   503.748  0    17.96    266    339    283    232    327    268    244      0
   242   139.325   502.362  0    17.94    243    314    265    233    221    220    228      0
   243   158.403   513.057  0    17.82    338    314    242    228    239      0      0      0
   244   398.568   495.104  0    17.95    305    266    241    268    237    251      0      0
   245  1204.917   464.510  0    17.90    278    335    324    253    292    355    289    235
   246   550.024   495.849  0    17.86    267    312    297    256    223    222    211      0
   247   469.218   489.189  0    17.93    263    275    249    213    225    214      0      0
   248   202.890   503.846  0    17.84    962    285    239    231    342    974      0      0
   249   443.660   496.304  0    17.87    275    385    305    251    234    213    247      0
   250   313.028   523.614  0    17.58    294    333    964    965    970    236      0      0
   251   419.325   485.392  0    17.93    249    305    244    237    309    234      0      0
   252   768.624   483.132  0    17.90    269    296    257    209    279    301      0      0
   253  1187.587   471.199  0    17.76    324    255    292    245      0      0      0      0
   254   529.751   453.396  0    17.86    260    223    204    295    282      0      0      0
   255  1173.043   476.383  0    17.78    324    348    270    276    292    253      0      0
   256   527.145   493.238  0    17.91    246    297    262    205    223      0      0      0
   257   745.594   492.289  0    17.77    296    304    286    210    209    252      0      0
   258   662.171   496.613  0    17.69    273    369    370    238    218    217      0      0
   259   462.452   452.953  0    17.75    225    213    261    353    311    298      0      0
   260   548.302   453.466  0    17.91    222    223    254    282    317    240      0      0
   261   441.685   456.260  0    17.82    213    234    309    356    353    259      0      0
   262   509.189   499.789  0    17.73    297    374    263    214    205    256      0      0
   263   486.688   505.349  0    17.51    374    381    275    247    214    262      0      0
   264   695.559   505.447  0    17.56    367    359    273    217    229    286      0      0
   265   123.831   522.404  0    17.83    314    290    181    182    233    242      0      0
   266   393.798   514.880  0    17.34    404    339    241    244    305      0      0      0
   267   574.026   508.035  0    17.79    310    375    312    246    211    215      0      0
   268   383.992   478.271  0    17.82    244    241    327    343    319    237      0      0
   269   787.871   493.436  0    17.65    346    325    296    252    301    332      0      0
   270  1152.108   485.981  0    17.47    348    351    318    271    276    255      0      0
   271  1133.644   473.436  0    17.79    270    318    859    845    851    306    276      0
   272   151.518   466.550  0    17.66    228    220    950    331    302      0      0      0
   273   677.709   507.971  0    17.30    359    369    258    217    264      0      0      0
   274   277.715   528.108  0    17.06    333    362    291    979   1011    971    964      0
   275   464.675   509.786  0    17.61    381    385    249    247    263      0      0      0
   276  1154.914   461.389  0    17.81    255    270    271    306    883    321    292      0
   277   241.961   526.451  0    17.21    291    328    329    963    966    967    979      0
   278  1226.926   476.705  0    17.48    952    365    335    245    235    953      0      0
   279   774.132   463.471  0    17.72    301    252    209    280    357    323      0      0
   280   761.811   450.399  0    17.60    279    209    212    284    364    357      0      0
   281  1248.140   451.397  0    17.63    951    106    953    235    322    955    105      0
   282   537.053   435.671  0    17.62    260    254    295    424    388    317      0      0
   283   356.445   523.851  0    17.59    339    514    307    236    232    241      0      0
   284   752.380   437.978  0    17.47    280    212    313    366    364      0      0      0
   285   204.816   524.987  0    17.70    329    423    308    239    248    962    963      0
   286   720.354   503.538  0    17.56    304    409    367    264    229    210    257      0
   287   188.941   473.164  0    17.29    342    231    228    302    391    478      0      0
   288  1249.791   498.833  0    16.41    108    109    528    365    952    107      0      0
   289  1215.448   443.899  0    17.75    235    245    355    420    322      0      0      0
   290   125.643   540.278  0    17.14    414    471    180    181    265    314      0      0
   291   259.706   536.000  0    17.21    362    328    277    979    274      0      0      0
   292  1180.713   457.766  0    17.69    245    253    255    276    321    355      0      0
   293   616.173   501.993  0    17.73    370    394    310    215    226    238      0      0
   294   323.791   541.066  0    16.97    523    467    333    250    236    307      0      0
   295   514.787   441.674  0    17.56    254    204    298    373    424    282      0      0
   296   765.279   510.597  0    17.24    325    400    410    393    304    257    252    269
   297   528.711   511.966  0    17.49    312    418    374    262    256    246      0      0
   298   488.198   448.889  0    17.67    204    214    225    259    311    398    373    295
   299   705.205   441.099  0    17.73    230    219    224    320    368    313      0      0
   300   612.288   439.250  0    17.39    216    208    316    337    387    326      0      0
   301   786.605   475.220  0    17.72    332    269    252    279    323      0      0      0
   302   169.622   459.805  0    17.32    287    228    272    331    390    391      0      0
   303   666.411   438.638  0    17.59    224    218    227    326    371    455    320      0
   304   740.022   513.011  0    17.08    393    409    286    257    296      0      0      0
   305   417.447   512.662  0    17.31    385    386    404    266    244    251    249      0
   306  1136.434   457.853  0    17.65    276    271    851    864    883      0      0      0
   307   342.657   538.739  0    16.83    514    523    294    236    283      0      0      0
   308   184.611   534.892  0    17.13    423    488    338    239    285      0      0      0
   309   419.492   460.759  0    17.73    234    251    237    319    389    356    261      0
   310   595.574   516.852  0    17.27    394    463    375    267    215    293      0      0
   311   469.142   434.115  0    17.24    298    259    353    436    398      0      0      0
   312   552.281   525.187  0    16.48    375    552    545    418    297    246    267      0
   313   732.366   433.964  0    17.48    284    212    230    299    368    376    366      0
   314   142.491   526.770  0    17.45    338    414    290    265    242    243      0      0
   315   124.490   442.890  0    17.48    331    950    949    187    188    417      0      0
   316   585.819   440.944  0    17.74    208    207    240    317    358    337    300      0
   317   559.921   434.909  0    17.58    316    240    260    282    388    358      0      0
   318  1127.153   498.274  0    16.93    351    529    530    382    888    859    271    270
   319   395.940   457.589  0    17.55    309    237    268    343    384    389      0      0
   320   690.846   427.104  0    17.29    299    224    303    455    448    368      0      0
   321  1167.837   438.582  0    17.34    292    276    883    407    430    355      0      0
   322  1233.174   433.846  0    17.08    281    235    289    420    481    954    955      0
   323   793.086   458.301  0    17.55    332    301    279    357    399    336      0      0
   324  1192.282   486.515  0    17.29    472    470    348    255    253    245    335      0
   325   788.827   511.355  0    17.14    406    400    296    269    346      0      0      0
   326   639.382   435.359  0    17.06    303    227    216    300    387    446    371      0
   327   359.150   477.909  0    17.24    268    241    232    969    973    397    343      0
   328   244.469   549.175  0    16.80    362    509    473    329    277    291      0      0
   329   222.855   538.818  0    17.08    328    473    423    285    963    277      0      0
   330   939.433   423.428  0    16.99    948    947    405    352    425    452    427      0
   331   148.190   444.352  0    17.33    302    272    950    315    417    378    390      0
   332   807.460   478.355  0    17.34    428    346    269    301    323    336    345      0
   333   299.305   542.054  0    17.24    467    431    362    274    964    250    294      0
   334   888.510   431.387  0    17.22    437    402    341    379    403    363      0      0
   335  1212.359   485.939  0    17.03    365    472    324    245    278      0      0      0
   336   813.875   452.639  0    17.43    345    332    323    399    372    344      0      0
   337   598.284   418.721  0    17.29    300    316    358    433    396    387      0      0
   338   163.834   532.201  0    17.15    308    488    414    314    243    239      0      0
   339   379.400   529.478  0    16.87    404    519    514    283    241    266      0      0
   340   985.074   494.432  0    17.30    412    408    354    415    395    347      0      0
   341   868.662   438.149  0    17.16    402    442    349    361    379    334      0      0
   342   205.329   484.691  0    16.64    974    248    231    287    478    981      0      0
   343   374.330   456.852  0    17.31    319    268    327    397    439    384      0      0
   344   835.609   447.245  0    17.33    350    345    336    372    361    349      0      0
   345   831.069   468.813  0    17.11    450    428    332    336    344    350      0      0
   346   806.195   503.933  0    16.99    421    406    325    269    332    428      0      0
   347  1007.794   484.784  0    17.21    380    412    340    395    890    882    862      0
   348  1171.852   498.288  0    16.58    470    559    351    270    255    324      0      0
   349   852.763   446.162  0    17.08    442    350    344    361    341      0      0      0
   350   847.393   460.021  0    16.90    450    345    344    349    442      0      0      0
   351  1151.352   509.539  0    15.70    559    563    529    318    270    348      0      0
   352   916.035   425.672  0    16.99    405    437    363    403    425    330      0      0
   353   449.228   436.177  0    17.14    259    261    356    435    436    311      0      0
   354   959.470   503.019  0    17.02    408    451    383    440    486    415    340      0
   355  1195.621   437.336  0    17.38    289    245    292    321    430    492    420      0
   356   430.647   442.227  0    17.12    261    309    389    435    353      0      0      0
   357   778.988   447.772  0    17.40    323    279    280    364    399      0      0      0
   358   574.113   416.296  0    17.01    337    316    317    388    503    433      0      0
   359   683.274   526.869  0    16.06    367    538    536    369    273    264      0      0
   360   918.665   523.370  0    16.93    525    477    392    453    411    383      0      0
   361   847.538   426.261  0    17.01    341    349    344    372    457    460    379      0
   362   273.618   556.108  0    16.75    431    583    501    509    328    291    274    333
   363   902.321   428.749  0    17.12    437    334    403    352      0      0      0      0
   364   770.823   434.096  0    17.25    399    357    280    284    366    429      0      0
   365  1230.120   498.147  0    16.03    288    528    587    472    335    278    952      0
   366   756.473   421.466  0    17.11    364    284    313    376    462    429      0      0
   367   703.678   528.490  0    16.09    409    558    538    359    264    286      0      0
   368   715.087   418.572  0    17.08    313    299    320    448    499    376      0      0
   369   663.572   524.881  0    16.33    359    536    569    507    370    258    273      0
   370   638.972   515.405  0    16.74    369    507    505    394    293    238    258      0
   371   657.338   420.341  0    16.70    303    326    446    459    455      0      0      0
   372   821.014   429.576  0    17.00    344    336    399    443    457    361      0      0
   373   502.639   428.860  0    17.10    295    298    398    438    424      0      0      0
   374   505.810   525.367  0    16.94    418    550    510    381    263    262    297      0
   375   577.466   531.049  0    16.21    463    573    552    312    267    310      0      0
   376   739.543   409.672  0    16.11    366    313    368    499    565    462      0      0
   377   978.618   427.543  0    16.87    874    945    948    427    422    901      0      0
   378   155.942   420.440  0    16.51    390    331    417    482    447    465      0      0
   379   872.550   417.349  0    17.00    334    341    361    460    474    403      0      0
   380  1026.902   497.847  0    16.67    497    456    412    347    862    889    909      0
   381   477.051   528.180  0    16.68    510    561    385    275    263    374      0      0
   382  1104.268   504.662  0    16.34    530    531    413    904    888    318      0      0
   383   939.127   516.956  0    16.80    451    525    360    411    440    354      0      0
   384   387.328   440.085  0    16.81    319    343    439    466    389      0      0      0
   385   445.387   529.283  0    16.36    561    553    554    386    305    249    275    381
   386   420.208   535.443  0    15.54    554    581    404    305    385      0      0      0
   387   622.230   417.041  0    16.67    326    300    337    396    444    446      0      0
   388   546.558   411.978  0    16.48    358    317    282    424    476    504    503      0
   389   410.021   435.544  0    16.80    356    309    319    384    466    479    435      0
   390   173.085   437.224  0    16.61    391    302    331    378    465    454      0      0
   391   191.462   450.173  0    16.70    478    287    302    390    454    483      0      0
   392   898.143   525.988  0    16.70    477    434    401    461    453    360      0      0
   393   746.069   530.364  0    15.95    410    533    532    409    304    296      0      0
   394   615.144   526.484  0    16.10    505    576    463    310    293    370      0      0
   395   990.435   471.615  0    16.93    347    340    415    945    946    890      0      0
   396   609.711   399.290  0    16.49    387    337    433    502    537    444      0      0
   397   351.054   453.707  0    16.59    343    327    973    975    976    468    439      0
   398   485.646   421.998  0    16.80    373    298    311    436    469    438      0      0
   399   794.760   435.355  0    17.06    336    323    357    364    429    443    372      0
   400   783.321   527.531  0    16.31    445    521    410    296    325    406      0      0
   401   879.816   528.976  0    16.46    434    449    419    461    392      0      0      0
   402   884.060   447.733  0    16.66    475    442    341    334    437      0      0      0
   403   897.903   413.246  0    16.76    352    363    334    379    474    487    425      0
   404   401.634   532.587  0    15.70    386    581    519    339    266    305      0      0
   405   927.193   439.217  0    16.50    947    498    437    352    330      0      0      0
   406   799.838   520.925  0    16.69    421    445    400    325    346      0      0      0
   407  1154.887   421.224  0    16.58    321    883    896    432    513    430      0      0
   408   980.544   519.001  0    16.18    496    566    451    354    340    412      0      0
   409   725.804   529.548  0    16.09    393    532    558    367    286    304      0      0
   410   764.334   535.866  0    15.59    521    546    533    393    296    400      0      0
   411   921.303   502.697  0    16.37    383    360    453    485    489    440      0      0
   412  1003.944   511.288  0    16.37    456    541    496    408    340    347    380      0
   413  1086.133   502.349  0    16.03    382    531    495    913    892    904      0      0
   414   146.041   547.766  0    16.47    488    518    471    290    314    338      0      0
   415   969.073   476.629  0    16.65    340    354    486    484    945    395      0      0
   416   842.901   535.134  0    16.56    449    506    464    421    441    419      0      0
   417   129.994   422.370  0    16.83    331    315    188    189    491    482    378      0
   418   529.684   532.781  0    16.15    545    550    374    297    312      0      0      0
   419   862.170   521.838  0    16.63    401    449    416    441    458    461      0      0
   420  1215.739   427.454  0    16.91    322    289    355    492    481      0      0      0
   421   821.018   523.337  0    16.68    416    464    445    406    346    428    441      0
   422   982.208   408.356  0    16.27    901    377    427    500    544    914      0      0
   423   200.520   547.946  0    16.17    473    549    488    308    285    329      0      0
   424   521.907   421.341  0    16.85    282    295    373    438    476    388      0      0
   425   922.041   405.983  0    16.58    330    352    403    487    524    452      0      0
   426  1057.355   499.362  0    16.26    915    495    497    909    893    905      0      0
   427   962.026   414.990  0    16.55    377    948    330    452    500    422      0      0
   428   831.531   496.026  0    16.47    458    441    421    346    332    345    450      0
   429   780.342   415.489  0    16.55    399    364    366    462    534    443      0      0
   430  1179.652   418.298  0    16.26    355    321    407    513    562    492      0      0
   431   297.121   561.380  0    15.74    592    583    362    333    467      0      0      0
   432  1140.354   404.921  0    16.01    407    896    911    919    927    516    522    513
   433   588.907   398.272  0    16.35    396    337    358    503    574    502      0      0
   434   890.199   544.180  0    15.71    590    579    449    401    392    477      0      0
   435   434.493   422.022  0    16.57    353    356    389    479    517    436      0      0
   436   462.432   410.273  0    16.48    398    311    353    435    517    568    494    469
   437   906.325   445.518  0    16.43    498    493    475    402    334    363    352    405
   438   505.504   409.991  0    16.36    424    373    398    469    511    476      0      0
   439   366.159   432.384  0    16.44    384    343    397    468    527    508    466      0
   440   938.275   496.813  0    16.39    354    383    411    489    486      0      0      0
   441   843.070   515.303  0    16.61    419    416    421    428    458      0      0      0
   442   866.551   460.003  0    16.40    475    490    450    350    349    341    402      0
   443   805.267   411.830  0    16.50    372    399    429    534    512    457      0      0
   444   631.360   395.830  0    15.76    446    387    396    537    600    480      0      0
   445   799.828   538.469  0    16.17    464    548    521    400    406    421      0      0
   446   643.796   410.842  0    16.04    371    326    387    444    480    459      0      0
   447   164.767   400.756  0    15.58    465    378    482    593    535    542      0      0
   448   700.764   404.731  0    16.30    368    320    455    520    609    499      0      0
   449   865.841   544.967  0    15.81    579    582    506    416    419    401    434      0
   450   851.490   478.306  0    16.27    490    458    428    345    350    442      0      0
   451   959.918   532.553  0    15.32    566    597    556    525    383    354    408      0
   452   945.214   400.430  0    16.29    427    330    425    524    543    500      0      0
   453   904.468   509.491  0    16.58    360    392    461    485    411      0      0      0
   454   194.542   428.574  0    15.86    483    391    390    465    547    607      0      0
   455   676.691   410.832  0    16.30    320    303    371    459    567    520    448      0
   456  1023.516   517.154  0    15.69    571    541    412    380    497      0      0      0
   457   829.993   407.371  0    16.41    361    372    443    512    560    460      0      0
   458   857.729   500.180  0    16.24    461    419    441    428    450    490      0      0
   459   660.576   404.010  0    15.81    455    371    446    480    567      0      0      0
   460   854.895   401.675  0    16.49    379    361    457    560    526    474      0      0
   461   882.729   507.908  0    16.43    453    392    401    419    458    490    485      0
   462   763.939   400.878  0    15.65    429    366    376    565    619    534      0      0
   463   596.425   538.885  0    15.28    576    596    573    375    310    394      0      0
   464   820.519   550.393  0    14.89    506    628    616    548    445    421    416      0
   465   178.450   416.041  0    15.54    454    390    378    447    542    547      0      0
   466   389.291   414.863  0    16.01    389    384    439    508    564    515    479      0
   467   315.240   560.214  0    15.06    695    592    431    333    294    523      0      0
   468   343.279   434.580  0    15.95    397    976    982    983    527    439      0      0
   469   488.770   398.936  0    15.84    438    398    436    494    577    511      0      0
   470  1189.147   507.745  0    15.87    578    559    348    324    472      0      0      0
   471   126.476   560.823  0    15.58    518    637    179    180    290    414      0      0
   472  1208.470   504.884  0    15.81    587    578    470    324    335    365      0      0
   473   221.632   561.403  0    15.75    509    620    549    423    329    328      0      0
   474   879.942   396.328  0    16.04    403    379    460    526    551    487      0      0
   475   890.774   465.271  0    16.09    493    485    490    442    402    437      0      0
   476   525.840   399.357  0    15.89    388    424    438    511    539    504      0      0
   477   911.914   543.309  0    15.57    622    590    434    392    360    525      0      0
   478   210.295   463.539  0    15.80   1016    981    342    287    391    483    988      0
   479   416.599   408.257  0    15.71    435    389    466    515    540    517      0      0
   480   651.885   390.906  0    14.66    459    446    444    600    617    567      0      0
   481  1230.985   407.090  0    15.52    954    322    420    492    557    570    594    103
   482   142.939   403.181  0    16.14    378    417    491    605    593    447      0      0
   483   210.845   440.882  0    15.60    988    478    391    454    607    586      0      0
   484   954.819   458.016  0    16.14    415    486    498    947    948    945      0      0
   485   901.436   488.402  0    16.16    411    453    461    490    475    493    489      0
   486   946.391   479.270  0    16.07    354    440    489    498    484    415      0      0
   487   904.573   391.173  0    15.81    425    403    474    551    584    524      0      0
   488   173.168   554.940  0    15.63    549    575    518    414    338    308    423      0
   489   925.082   482.125  0    16.10    440    411    485    493    498    486      0      0
   490   874.788   483.423  0    16.04    485    461    458    450    442    475      0      0
   491   123.186   404.339  0    16.04    417    189    190    605    482      0      0      0
   492  1203.878   413.715  0    16.15    420    355    430    562    557    481      0      0
   493   910.908   467.903  0    16.04    489    485    475    437    498      0      0      0
   494   475.962   384.346  0    14.13    469    436    568    702    671    577      0      0
   495  1068.006   513.329  0    15.57    531    591    588    497    426    915    913    413
   496   994.748   530.636  0    15.32    541    601    566    408    412      0      0      0
   497  1043.678   512.163  0    15.64    495    588    571    456    380    909    426      0
   498   930.858   459.109  0    16.02    486    489    493    437    405    947    484      0
   499   723.392   396.927  0    16.06    376    368    448    609    683    565      0      0
   500   967.895   394.037  0    15.57    422    427    452    543    555    544      0      0
   501   271.609   578.427  0    14.59    714    635    509    362    583      0      0      0
   502   601.568   384.060  0    15.22    396    433    574    659    537      0      0      0
   503   567.483   393.376  0    15.87    433    358    388    504    610    574      0      0
   504   546.182   385.586  0    14.89    503    388    476    539    638    610      0      0
   505   630.107   538.213  0    14.96    507    611    576    394    370      0      0      0
   506   843.870   556.483  0    14.26    582    647    628    464    416    449      0      0
   507   646.853   540.466  0    14.56    569    658    611    505    370    369      0      0
   508   367.253   409.470  0    15.60    466    439    527    572    564      0      0      0
   509   247.041   574.356  0    14.96    501    635    655    620    473    328    362      0
   510   492.014   548.471  0    14.89    550    657    613    561    381    374      0      0
   511   509.010   389.232  0    15.14    476    438    469    577    589    539      0      0
   512   815.054   392.570  0    15.59    457    443    534    585    560      0      0      0
   513  1165.568   402.083  0    15.35    430    407    432    522    645    562      0      0
   514   362.431   548.315  0    15.31    519    629    608    523    307    283    339      0
   515   401.472   389.385  0    14.75    479    466    564    604    580    540      0      0
   516  1133.865   384.690  0    14.38    522    432    927    614    676    623      0      0
   517   440.062   398.114  0    14.72    436    435    479    540    615    568      0      0
   518   149.723   571.939  0    14.51    575    633    662    637    471    414    488      0
   519   387.419   550.038  0    14.46    581    704    629    514    339    404      0      0
   520   690.666   392.057  0    14.84    448    455    567    686    609      0      0      0
   521   779.633   547.145  0    14.92    548    661    546    410    400    445      0      0
   522  1154.532   385.397  0    13.88    513    432    516    623    688    645      0      0
   523   338.831   559.970  0    14.48    608    736    695    467    294    307    514      0
   524   928.341   384.733  0    15.35    452    425    487    584    598    543      0      0
   525   936.401   542.820  0    14.89    556    680    622    477    360    383    451      0
   526   864.005   380.484  0    14.91    474    460    560    646    651    551      0      0
   527   349.411   416.179  0    15.46    439    468    983    595    572    508      0      0
   528  1245.240   515.316  0    14.56    110    636    587    365    288    109      0      0
   529  1134.702   519.714  0    15.01    563    602    530    318    351      0      0      0
   530  1115.469   521.256  0    14.78    602    626    531    382    318    529      0      0
   531  1092.031   523.983  0    14.59    626    634    591    495    413    382    530      0
   532   734.508   548.073  0    14.84    599    606    558    409    393    533      0      0
   533   750.750   546.116  0    15.05    546    599    532    393    410      0      0      0
   534   791.055   391.297  0    15.09    512    443    429    462    619    679    585      0
   535   173.573   385.289  0    14.24    542    447    593    627    621      0      0      0
   536   672.912   542.591  0    14.56    538    639    569    369    359      0      0      0
   537   619.663   379.772  0    14.22    444    396    502    659    685    600      0      0
   538   687.937   551.792  0    14.07    558    681    667    639    536    359    367      0
   539   526.471   377.923  0    14.58    504    476    511    589    780    638      0      0
   540   423.953   384.895  0    13.99    517    479    515    580    654    615      0      0
   541  1011.793   532.046  0    14.83    571    625    601    496    412    456      0      0
   542   185.445   397.584  0    14.50    547    465    447    535    621    612      0      0
   543   951.548   379.411  0    15.03    500    452    524    598    640    555      0      0
   544   991.785   387.521  0    14.67    931    914    422    500    555    630    943      0
   545   543.347   549.266  0    14.35    684    631    550    418    312    552      0      0
   546   762.683   552.255  0    14.44    661    599    533    410    521      0      0      0
   547   196.329   410.826  0    14.51    607    454    465    542    612      0      0      0
   548   796.155   559.648  0    14.30    616    690    661    521    445    464      0      0
   549   196.038   572.636  0    13.84    620    691    643    575    488    423    473      0
   550   518.773   552.582  0    14.35    631    708    657    510    374    418    545      0
   551   887.931   376.190  0    14.63    487    474    526    651    669    584      0      0
   552   564.662   548.340  0    14.21    573    668    684    545    312    375      0      0
   553   445.108   552.625  0    14.14    665    701    554    385    561      0      0      0
   554   430.288   547.573  0    14.58    553    701    581    386    385      0      0      0
   555   973.468   373.281  0    14.12    544    500    543    640    660    630      0      0
   556   954.919   552.635  0    13.96    675    680    525    451    597      0      0      0
   557  1212.245   393.131  0    14.90    481    492    562    618    624    570      0      0
   558   712.671   553.781  0    14.16    606    712    681    538    367    409    532      0
   559  1172.440   523.933  0    14.52    578    644    672    563    351    348    470      0
   560   837.558   383.272  0    15.00    460    457    512    585    649    646    526      0
   561   466.399   551.624  0    14.06    613    674    665    553    385    381    510      0
   562  1188.941   397.889  0    14.66    492    430    513    645    618    557      0      0
   563  1148.895   531.816  0    13.95    672    687    602    529    351    559      0      0
   564   376.043   388.086  0    14.54    515    466    508    572    641    673    604      0
   565   746.495   388.005  0    14.33    462    376    499    683    678    619      0      0
   566   980.613   541.629  0    14.40    601    724    597    451    408    496      0      0
   567   673.165   386.314  0    13.89    520    455    459    480    617    760    686      0
   568   457.956   386.292  0    13.98    436    517    615    702    494      0      0      0
   569   661.083   545.853  0    14.38    639    658    507    369    536      0      0      0
   570  1230.100   386.388  0    14.23    481    557    624    632    594      0      0      0
   571  1031.323   533.220  0    14.37    588    666    625    541    456    497      0      0
   572   352.967   394.925  0    14.57    508    527    595    642    641    564      0      0
   573   582.226   548.619  0    14.46    596    668    552    375    463      0      0      0
   574   585.404   377.899  0    14.56    502    433    503    610    677    659      0      0
   575   172.427   576.120  0    14.18    643    633    518    488    549      0      0      0
   576   614.128   552.623  0    14.09    611    682    603    596    463    394    505      0
   577   494.856   379.243  0    13.74    511    469    494    671    735    589      0      0
   578  1199.745   528.463  0    13.84    663    664    644    559    470    472    587      0
   579   882.503   563.235  0    14.13    656    648    582    449    434    590      0      0
   580   411.363   370.286  0    13.06    540    515    604    693    732    654      0      0
   581   411.535   553.020  0    13.40    701    730    704    519    404    386    554      0
   582   860.716   567.310  0    13.95    648    700    647    506    449    579      0      0
   583   290.398   575.100  0    14.20    746    714    501    362    431    592      0      0
   584   911.278   370.557  0    14.16    524    487    551    669    697    598      0      0
   585   812.880   372.153  0    13.75    560    512    534    679    743    706    649      0
   586   229.116   434.573  0    13.92    989    988    483    607    711   1002      0      0
   587  1226.073   523.847  0    13.74    636    956    663    578    472    365    528      0
   588  1052.291   534.800  0    13.82    591    699    666    571    497    495      0      0
   589   510.512   373.309  0    13.69    539    511    577    735    780      0      0      0
   590   903.322   561.547  0    14.01    622    722    656    579    434    477      0      0
   591  1072.895   539.139  0    13.49    634    705    699    588    495    531      0      0
   592   307.044   573.422  0    13.72    695    746    583    431    467      0      0      0
   593   153.287   382.643  0    14.38    535    447    482    605    801    757    627      0
   594  1247.131   385.684  0    13.95    103    481    570    632    101    102      0      0
   595   332.804   403.529  0    14.34    527    983    992    689    642    572      0      0
   596   594.907   559.662  0    13.71    603    767    668    573    463    576      0      0
   597   968.354   551.808  0    13.75    724    675    556    451    566      0      0      0
   598   934.717   364.932  0    13.91    543    524    584    697    762    640      0      0
   599   747.431   563.147  0    13.82    661    755    710    606    532    533    546      0
   600   641.763   374.241  0    13.37    480    444    537    685    713    747    617      0
   601   998.485   548.406  0    13.52    625    739    724    566    496    541      0      0
   602  1127.954   537.531  0    13.88    687    698    626    530    529    563      0      0
   603   606.363   570.880  0    12.74    682    752    767    596    576      0      0      0
   604   391.582   369.920  0    13.28    580    515    564    673    788    693      0      0
   605   130.461   388.538  0    14.68    482    491    190    731    801    593      0      0
   606   728.239   564.350  0    13.58    710    712    558    532    599      0      0      0
   607   215.059   417.635  0    14.26    711    586    483    454    547    612    670      0
   608   357.468   567.919  0    13.49    771    736    523    514    629      0      0      0
   609   708.729   385.042  0    14.44    499    448    520    686    709    683      0      0
   610   564.620   370.242  0    13.83    574    503    504    638     51    677      0      0
   611   634.714   557.679  0    13.50    658    733    682    576    505    507      0      0
   612   206.845   394.172  0    13.40    670    607    547    542    621    653    715      0
   613   482.066   564.377  0    13.35    657    764    674    561    510      0      0      0
   614  1113.724   380.870  0    13.49    516    927    928    935    729    751    676      0
   615   444.603   376.169  0    13.14    568    517    540    654    717    702      0      0
   616   812.338   571.562  0    13.14    726    723    690    548    464    628      0      0
   617   660.649   374.200  0    13.29    567    480    600    747    760      0      0      0
   618  1198.304   378.756  0    13.82    557    562    645    703    707    624      0      0
   619   769.727   379.336  0    13.70    534    462    565    678    721    679      0      0
   620   220.894   583.622  0    13.11    655    777    691    549    473    509      0      0
   621   190.767   379.514  0    13.10    612    542    535    627    750    653      0      0
   622   924.615   562.792  0    13.27    680    775    722    590    477    525      0      0
   623  1145.402   369.291  0    12.62    522    516    676    817    738    688      0      0
   624  1219.419   374.234  0    13.82    570    557    618    707    727    632      0      0
   625  1018.253   550.135  0    13.03    666    725    739    601    541    571      0      0
   626  1107.746   540.995  0    13.46    698    696    634    531    530    602      0      0
   627   173.597   365.945  0    11.66    621    535    593    757      4      5      6    750
   628   829.711   567.268  0    13.58    647    726    616    464    506      0      0      0
   629   375.556   566.892  0    13.14    704    787    771    608    514    519      0      0
   630   993.316   365.437  0    12.68    943    544    555    660    758     81      0      0
   631   537.218   566.541  0    12.86    684    716    708    550    545      0      0      0
   632  1239.676   370.848  0    13.29    594    570    624    727    734    101      0      0
   633   161.991   590.308  0    12.58    643    749    768    662    518    575      0      0
   634  1089.893   547.698  0    12.99    696    774    705    591    531    626      0      0
   635   261.221   593.875  0    12.23    167    168    772    655    509    501    714      0
   636  1246.984   535.280  0    12.58    111    112    957    956    587    528    110      0
   637   126.395   582.136  0    13.30    662    719    178    179    471    518      0      0
   638   544.534   363.168  0    12.58    610    504    539    780     50     51      0      0
   639   669.259   559.434  0    13.21    667    812    658    569    536    538      0      0
   640   957.780   358.443  0    13.07    555    543    598    762     76     77    660      0
   641   355.938   371.765  0    13.17    564    572    642    692     39    673      0      0
   642   333.250   380.646  0    13.28    572    595    689    694    718    692    641      0
   643   181.893   591.142  0    12.79    691    799    749    633    575    549      0      0
   644  1183.297   545.227  0    12.25    664    794    117    672    559    578      0      0
   645  1176.803   382.739  0    13.65    562    513    522    688    703    618      0      0
   646   853.084   364.775  0    13.56    526    560    649    741    745    651      0      0
   647   843.133   572.579  0    13.22    700    726    628    506    582      0      0      0
   648   875.706   581.764  0    12.62    790    728    700    582    579    656      0      0
   649   834.115   364.497  0    13.17    646    560    585    706    741      0      0      0
   650  1041.896   379.903  0    13.04    941    937    940    944    748    720      0      0
   651   874.257   362.309  0    13.27    551    526    646    745    742    669      0      0
   652  1068.256   376.813  0    12.01    939    942    941    720    778      0      0      0
   653   207.819   375.285  0    12.62    715    612    621    750    793      0      0      0
   654   429.167   365.286  0    12.43    615    540    580    732     45    717      0      0
   655   237.330   595.091  0    11.77    772    169    777    620    509    635      0      0
   656   896.447   579.033  0    12.70    785    790    648    579    590    722      0      0
   657   500.331   569.181  0    12.78    708    782    764    613    510    550      0      0
   658   652.426   560.350  0    13.28    812    733    611    507    569    639      0      0
   659   605.768   364.291  0    12.70    537    502    574    677     53     54    685      0
   660   978.481   354.840  0    11.76    630    555    640     77     78     79    758      0
   661   772.009   568.613  0    13.34    690    754    755    599    546    521    548      0
   662   143.020   592.878  0    12.31    768    740    719    637    518    633      0      0
   663  1217.543   543.948  0    12.24    113    114    664    578    587    956      0      0
   664  1200.853   550.113  0    12.46    114    115    794    644    578    663      0      0
   665   452.757   568.322  0    12.61    674    786    744    701    553    561      0      0
   666  1038.406   553.019  0    12.63    699    753    725    625    571    588      0      0
   667   679.528   573.493  0    12.14    681    147    812    639    538      0      0      0
   668   577.670   565.158  0    13.18    767    756    684    552    573    596      0      0
   669   895.517   357.421  0    12.94    584    551    651    742    766    697      0      0
   670   229.485   399.041  0    12.04    773    711    607    612    715    784      0      0
   671   484.722   369.304  0    12.74    577    494    702    825    735      0      0      0
   672  1162.433   547.143  0    12.32    117    781    687    563    559    644      0      0
   673   372.028   362.630  0    12.42    604    564    641     39     40    788      0      0
   674   468.923   570.117  0    12.55    764    786    665    561    613      0      0      0
   675   963.926   566.505  0    12.66    804    792    680    556    597    724      0      0
   676  1126.458   366.418  0    12.02    623    516    614    751     90    817      0      0
   677   584.844   357.227  0    12.39    659    574    610     51     52     53      0      0
   678   751.941   367.817  0    12.62    619    565    683    759    770    721      0      0
   679   789.816   370.506  0    13.09    585    534    619    721    743      0      0      0
   680   945.946   565.899  0    12.83    675    792    775    622    525    556      0      0
   681   696.115   575.949  0    11.95    712    146    147    667    538    558      0      0
   682   622.580   575.683  0    12.52    733    791    150    752    603    576    611      0
   683   729.802   376.302  0    13.23    565    499    609    709    759    678      0      0
   684   557.465   570.166  0    12.70    756    153    716    631    545    552    668      0
   685   627.808   360.918  0    12.00    600    537    659     54     55    713      0      0
   686   694.047   374.126  0    13.05    609    520    567    760    765    709      0      0
   687  1140.624   553.971  0    12.21    781    119    120    698    602    563    672      0
   688  1165.310   368.171  0    12.36    645    522    623    738    761    703      0      0
   689   313.275   393.404  0    12.66    595    992   1005    763    737    694    642      0
   690   792.571   579.835  0    12.55    723    769    754    661    548    616      0      0
   691   202.908   595.323  0    11.84    777    170    799    643    549    620      0      0
   692   340.795   357.955  0    11.98    641    642    718     37     38     39      0      0
   693   403.508   354.671  0    11.73    732    580    604    788     42     43     44      0
   694   316.707   379.175  0    12.61    642    689    737    718      0      0      0      0
   695   325.129   581.073  0    11.89    736    164    165    746    592    467    523      0
   696  1102.212   557.357  0    12.22    121    774    634    626    698      0      0      0
   697   917.819   349.573  0    12.71    598    584    669    766    796     74    762      0
   698  1118.550   556.202  0    11.91    120    121    696    626    602    687      0      0
   699  1059.298   559.367  0    11.94    123    124    753    666    588    591    705      0
   700   853.304   587.042  0    12.09    728    800    779    726    647    582    648      0
   701   431.526   565.846  0    12.20    665    744    815    730    581    554    553      0
   702   467.234   364.195  0    12.35    671    494    568    615    717     46     47    825
   703  1186.158   365.038  0    12.45    618    645    688    761    789    707      0      0
   704   397.008   567.919  0    12.36    730    819    787    629    519    581      0      0
   705  1075.664   558.541  0    12.13    774    123    699    591    634      0      0      0
   706   822.823   352.406  0    11.94    649    585    743    802    809    741      0      0
   707  1207.538   360.005  0    12.49    624    618    703    789     97    727      0      0
   708   522.915   580.335  0    11.66    716    783    154    155    782    657    550    631
   709   713.705   366.107  0    12.49    683    609    686    765    798    759      0      0
   710   733.051   578.890  0    12.08    755    776    813    712    606    599      0      0
   711   239.737   418.348  0    12.25     17   1002    586    607    670    773     16      0
   712   714.873   577.361  0    12.27    710    813    146    681    558    606      0      0
   713   643.005   356.482  0    11.59    747    600    685     55     56      0      0      0
   714   286.204   591.370  0    12.26    166    167    635    501    583    746      0      0
   715   223.871   380.138  0    12.11    784    670    612    653    793    806      0      0
   716   544.088   580.821  0    11.84    153    783    708    631    684      0      0      0
   717   446.772   358.457  0    11.71    702    615    654     45     46      0      0      0
   718   319.875   363.547  0    11.91    642    694    737    803     36     37    692      0
   719   125.541   599.818  0    12.13    740    805    177    178    637    662      0      0
   720  1056.290   365.158  0    11.61    652    941    650    748     84     85     86    778
   721   774.845   357.859  0    11.97    679    619    678    770    797    814    743      0
   722   914.254   576.731  0    12.22    775    785    656    590    622      0      0      0
   723   808.351   587.712  0    11.94    795    769    690    616    726      0      0      0
   724   982.773   564.669  0    11.93    739    128    804    675    597    566    601      0
   725  1025.259   570.125  0    11.27    753    808    126    810    739    625    666      0
   726   828.064   584.794  0    11.96    700    779    795    723    616    628    647      0
   727  1230.248   355.334  0    11.89    734    632    624    707     97     98    824      0
   728   869.628   595.653  0    11.43    790    811    800    700    648      0      0      0
   729  1095.813   368.969  0    11.97    614    935    939    778     88    823    751      0
   730   414.668   570.711  0    11.70    815    819    704    581    701      0      0      0
   731   119.688   375.323  0    12.21    605    190    191      1      2    801      0      0
   732   418.394   355.714  0    11.76    654    580    693     44     45      0      0      0
   733   641.005   577.413  0    11.46    812    149    791    682    611    658      0      0
   734  1248.319   358.495  0    12.17    101    632    727    824    100      0      0      0
   735   499.651   363.234  0    12.59    589    577    671    825     48    780      0      0
   736   346.140   581.296  0    11.83    771    163    164    695    523    608      0      0
   737   301.107   377.885  0    11.80    694    689    763     30     31    803    718      0
   738  1154.751   355.147  0    11.63    688    623    817     92     93    761      0      0
   739  1003.970   568.102  0    11.53    725    810    128    724    601    625      0      0
   740   141.320   610.242  0    11.16    173    174    805    719    662    768      0      0
   741   844.229   349.876  0    12.11    646    649    706    809    821    745      0      0
   742   882.299   347.691  0    12.26    669    651    745    818    766      0      0      0
   743   799.846   354.989  0    11.94    585    679    721    814    802    706      0      0
   744   443.116   583.399  0    11.18    786    158    159    815    701    665      0      0
   745   864.859   348.524  0    12.17    651    646    741    821    818    742      0      0
   746   307.173   587.873  0    11.83    165    166    714    583    592    695      0      0
   747   658.198   357.223  0    11.78    760    617    600    713     56     57     58      0
   748  1033.829   364.430  0    12.05    720    650    944    943     82     83     84      0
   749   170.025   606.017  0    11.20    799    172    173    768    633    643      0      0
   750   198.604   361.460  0    11.49    793    653    621    627      6      7      8      0
   751  1110.918   361.399  0    11.44    676    614    729    823     89     90      0      0
   752   608.632   584.891  0    11.54    150    151    767    603    682      0      0      0
   753  1044.072   571.259  0    11.24    124    125    808    725    666    699      0      0
   754   772.758   593.006  0    11.43    769    822    142    816    755    661    690      0
   755   752.618   583.079  0    11.80    754    816    776    710    599    661      0      0
   756   574.998   582.630  0    11.57    152    153    684    668    767      0      0      0
   757   152.514   365.509  0    11.90    627    593    801      3      4      0      0      0
   758   993.177   353.250  0    11.14    630    660     79     80     81      0      0      0
   759   733.790   355.532  0    11.73    678    683    709    798     62    807    770      0
   760   678.580   362.099  0    12.11    686    567    617    747     58     59    765      0
   761  1174.212   351.416  0    11.27    703    688    738     93     94     95    789      0
   762   939.840   347.482  0    11.88    640    598    697     74     75     76      0      0
   763   293.820   392.337  0    11.16    689   1005     28     29     30    737      0      0
   764   482.121   582.378  0    11.63    782    156    157    786    674    613    657      0
   765   699.170   356.429  0    11.55    709    686    760     59     60    798      0      0
   766   899.520   338.202  0    11.56    697    669    742    818     72     73    796      0
   767   592.491   580.448  0    11.96    752    151    152    756    668    596    603      0
   768   155.283   604.301  0    11.17    749    173    740    662    633      0      0      0
   769   793.816   598.471  0    11.38    795    140    822    754    690    723      0      0
   770   756.028   349.165  0    11.37    721    678    759    807     64    797      0      0
   771   365.246   582.202  0    11.15    787    162    163    736    608    629      0      0
   772   246.892   602.675  0    10.79    168    169    655    635      0      0      0      0
   773   247.443   401.372  0    11.27     16    711    670    784     14     15      0      0
   774  1088.515   566.316  0    11.30    121    122    123    705    634    696      0      0
   775   934.592   586.418  0    11.07    130    131    132    785    722    622    680    792
   776   735.781   594.284  0    10.97    816    144    145    813    710    755      0      0
   777   219.891   601.002  0    11.45    169    170    691    620    655      0      0      0
   778  1077.113   363.557  0    11.34    729    939    652    720     86     87     88      0
   779   836.836   602.667  0    10.82    800    137    138    795    726    700      0      0
   780   522.430   357.724  0    12.07    638    539    589    735     48     49     50      0
   781  1155.368   561.765  0    10.77    117    118    119    687    672      0      0      0
   782   501.807   586.860  0    11.23    155    156    764    657    708      0      0      0
   783   540.120   589.841  0    10.84    153    154    708    716      0      0      0      0
   784   242.128   384.765  0    10.85     14    773    670    715    806     13      0      0
   785   910.887   593.199  0    10.94    132    133    790    656    722    775      0      0
   786   461.272   583.886  0    11.16    157    158    744    665    674    764      0      0
   787   385.780   582.965  0    11.04    819    161    162    771    629    704      0      0
   788   384.915   353.631  0    11.30    693    604    673     40     41     42      0      0
   789  1194.278   348.861  0    10.92    707    703    761     95     96     97      0      0
   790   888.958   597.364  0    10.93    133    134    811    728    648    656    785      0
   791   631.769   587.828  0    10.97    149    150    682    733      0      0      0      0
   792   957.974   582.933  0    11.25    129    130    775    680    675    804      0      0
   793   218.709   362.878  0    11.44    806    715    653    750      8      9      0      0
   794  1189.654   557.840  0    11.37    115    116    117    644    664      0      0      0
   795   814.191   603.558  0    10.89    138    139    140    769    723    726    779      0
   796   915.446   336.158  0    10.74    697    766     73     74      0      0      0      0
   797   770.659   341.301  0    10.91    721    770     64     65    814      0      0      0
   798   715.711   349.912  0    11.31    759    709    765     60     61     62      0      0
   799   188.806   607.544  0    10.65    170    171    172    749    643    691      0      0
   800   855.637   604.836  0    10.95    811    136    137    779    700    728      0      0
   801   137.834   371.031  0    12.14    593    605    731      2      3    757      0      0
   802   812.186   337.900  0    11.17    706    743    814     67     68    809      0      0
   803   299.566   362.030  0    11.17    718    737     31     32    826     36      0      0
   804   973.592   581.086  0    11.08    128    129    792    675    724      0      0      0
   805   125.922   615.581  0    10.79    174    175    176    177    719    740      0      0
   806   236.819   364.569  0    10.79     13    784    715    793      9     10    820      0
   807   744.464   341.384  0    10.61    770    759     62     63     64      0      0      0
   808  1035.239   579.003  0    10.83    125    126    725    753      0      0      0      0
   809   834.905   335.835  0    11.18    741    706    802     68     69    821      0      0
   810  1009.569   582.363  0    10.71    126    127    128    739    725      0      0      0
   811   873.852   607.100  0    10.54    134    135    136    800    728    790      0      0
   812   661.640   581.256  0    11.53    147    148    149    733    658    639    667      0
   813   720.053   590.892  0    11.05    776    145    146    712    710      0      0      0
   814   788.982   338.933  0    10.93    743    721    797     65     66     67    802      0
   815   425.738   583.241  0    10.94    744    159    160    819    730    701      0      0
   816   752.606   600.553  0    10.67    142    143    144    776    755    754      0      0
   817  1137.302   354.664  0    10.96    738    623    676     90     91     92      0      0
   818   878.624   332.529  0    11.00    766    742    745    821     70     71     72      0
   819   407.535   583.530  0    11.00    160    161    787    704    730    815      0      0
   820   248.898   356.929  0    10.40     13    806     10     11     12      0      0      0
   821   857.260   334.272  0    11.27    745    741    809     69     70    818      0      0
   822   780.290   607.190  0    10.37    140    141    142    754    769      0      0      0
   823  1101.148   356.849  0    10.81    751    729     88     89      0      0      0      0
   824  1247.804   347.675  0    10.96    100    734    727     98     99      0      0      0
   825   485.764   356.313  0    11.72    735    671    702     47     48      0      0      0
   826   297.213   352.243  0    10.40    803     32     34     35     36      0      0      0
   827  1053.894   444.945  0    17.98    194    829    831    835    193      0      0      0
   828  1050.153   426.594  0    17.72    192    835    869    907    203      0      0      0
   829  1058.247   451.095  0    17.94    833    841    831    827    194    195      0      0
   830  1084.734   440.275  0    17.96    838    832    197    198    199    839      0      0
   831  1047.513   451.770  0    17.92    841    836    834    837    835    827    829      0
   832  1082.818   451.699  0    17.87    842    854    849    833    196    197    830    838
   833  1068.485   455.906  0    17.77    849    858    841    829    195    196    832      0
   834  1036.421   458.170  0    17.89    836    848    843    840    837    831      0      0
   835  1047.263   437.409  0    17.76    193    827    831    837    866    869    828    192
   836  1044.834   462.518  0    17.80    857    848    834    831    841      0      0      0
   837  1036.193   446.269  0    17.83    831    834    840    856    866    835      0      0
   838  1096.211   442.148  0    17.73    846    842    832    830    839    870    867      0
   839  1091.051   431.365  0    17.54    838    830    199    844    894    870      0      0
   840  1026.248   453.707  0    17.83    834    843    868    847    856    837      0      0
   841  1055.625   462.229  0    17.76    858    880    857    836    831    829    833      0
   842  1096.024   453.923  0    17.74    850    854    832    838    846      0      0      0
   843  1026.515   465.349  0    17.65    848    862    882    868    840    834      0      0
   844  1086.955   423.887  0    17.30    839    199    200    899    894      0      0      0
   845  1123.122   470.539  0    17.72    271    859    853    851      0      0      0      0
   846  1106.867   449.704  0    17.69    852    850    842    838    867    860      0      0
   847  1017.966   450.700  0    17.61    840    868    876    863    856      0      0      0
   848  1036.678   469.049  0    17.71    857    872    862    843    834    836      0      0
   849  1078.338   464.989  0    17.52    873    879    858    833    832    854      0      0
   850  1104.245   462.301  0    17.67    853    855    861    854    842    846    852      0
   851  1125.256   462.501  0    17.69    271    845    853    852    864    306      0      0
   852  1115.948   456.274  0    17.69    851    853    850    846    860    864      0      0
   853  1115.425   467.366  0    17.67    845    859    855    850    852    851      0      0
   854  1090.705   463.409  0    17.64    861    873    849    832    842    850      0      0
   855  1107.358   472.721  0    17.62    859    865    861    850    853      0      0      0
   856  1023.875   441.851  0    17.66    837    840    847    863    884    887    866      0
   857  1046.370   471.516  0    17.56    880    881    872    848    836    841      0      0
   858  1066.630   469.152  0    17.46    879    886    880    841    833    849      0      0
   859  1117.029   479.027  0    17.61    318    888    865    855    853    845    271      0
   860  1118.480   445.309  0    17.55    864    852    846    867    878    875      0      0
   861  1097.387   472.712  0    17.45    855    865    885    873    854    850      0      0
   862  1027.141   479.170  0    17.42    889    380    347    882    843    848    872      0
   863  1013.891   444.757  0    17.54    847    876    871    884    856      0      0      0
   864  1127.347   450.855  0    17.56    306    851    852    860    875    883      0      0
   865  1103.388   481.432  0    17.29    888    904    885    861    855    859      0      0
   866  1034.986   435.921  0    17.53    835    837    856    887    869      0      0      0
   867  1110.542   438.022  0    17.37    860    846    838    870    891    878      0      0
   868  1017.219   459.996  0    17.41    843    882    890    876    847    840      0      0
   869  1039.114   425.177  0    17.16    828    835    866    887    908    920    907      0
   870  1102.785   429.864  0    17.29    867    838    839    894    898    891      0      0
   871  1005.514   444.292  0    17.39    863    876    946    874    884      0      0      0
   872  1038.787   477.568  0    17.38    881    889    862    848    857      0      0      0
   873  1086.521   474.436  0    17.34    885    892    879    849    854    861      0      0
   874   995.578   435.891  0    17.25    871    946    945    377    901    903    884      0
   875  1127.830   442.882  0    17.39    864    860    878    883      0      0      0      0
   876  1009.757   453.223  0    17.27    868    890    946    871    863    847      0      0
   877  1062.742   414.723  0    16.69    201    202    203    907    923    924    910    895
   878  1124.487   434.282  0    17.19    883    875    860    867    891    897    896      0
   879  1075.687   476.745  0    17.17    892    900    886    858    849    873      0      0
   880  1056.287   475.049  0    17.30    886    893    881    857    841    858      0      0
   881  1046.660   481.783  0    17.08    893    909    889    872    857    880      0      0
   882  1016.805   471.087  0    17.30    862    347    890    868    843      0      0      0
   883  1141.007   441.082  0    17.36    276    306    864    875    878    896    407    321
   884  1012.721   433.642  0    17.25    856    863    871    874    903    902    887      0
   885  1093.542   481.411  0    17.20    865    904    892    873    861      0      0      0
   886  1065.703   480.713  0    16.97    900    905    893    880    858    879      0      0
   887  1026.557   428.972  0    17.08    866    856    884    902    908    869      0      0
   888  1109.650   490.953  0    17.02    318    382    904    865    859      0      0      0
   889  1037.158   485.936  0    16.98    909    380    862    872    881      0      0      0
   890  1006.400   465.835  0    17.03    882    347    395    946    876    868      0      0
   891  1114.904   426.727  0    16.98    878    867    870    898    906    897      0      0
   892  1083.608   486.925  0    16.80    904    413    913    900    879    873    885      0
   893  1056.173   486.862  0    16.82    905    426    909    881    880    886      0      0
   894  1096.807   420.388  0    16.91    870    839    844    899    912    918    898      0
   895  1075.610   414.120  0    16.61    899    200    201    877    910    922      0      0
   896  1136.039   423.502  0    16.82    883    878    897    911    432    407      0      0
   897  1124.667   422.807  0    16.82    896    878    891    906    911      0      0      0
   898  1107.656   420.358  0    16.78    891    870    894    918    906      0      0      0
   899  1087.408   414.323  0    16.61    894    844    200    895    922    925    912      0
   900  1072.881   486.281  0    16.73    892    913    905    886    879      0      0      0
   901   992.708   419.798  0    16.78    903    874    377    422    914      0      0      0
   902  1018.911   420.367  0    16.65    887    884    903    917    916    908      0      0
   903  1006.072   420.689  0    16.80    884    874    901    914    917    902      0      0
   904  1096.415   491.372  0    16.86    382    413    892    885    865    888      0      0
   905  1065.390   491.443  0    16.49    913    915    426    893    886    900      0      0
   906  1117.913   415.479  0    16.62    897    891    898    918    921    919    911      0
   907  1048.849   416.708  0    16.84    203    828    869    920    926    923    877      0
   908  1029.017   418.339  0    16.46    869    887    902    916    929    920      0      0
   909  1044.800   493.626  0    16.66    426    497    380    889    881    893      0      0
   910  1070.245   405.024  0    15.62    895    877    924    938    930    922      0      0
   911  1129.073   414.881  0    16.49    896    897    906    919    432      0      0      0
   912  1096.223   412.296  0    16.34    894    899    925    918      0      0      0      0
   913  1073.703   496.648  0    16.29    413    495    915    905    900    892      0      0
   914  1000.213   406.245  0    15.98    917    903    901    422    544    931      0      0
   915  1066.113   500.196  0    16.14    495    426    905    913      0      0      0      0
   916  1023.479   413.672  0    16.10    908    902    917    929      0      0      0      0
   917  1016.303   408.188  0    15.81    916    902    903    914    931    932    929      0
   918  1105.675   410.883  0    16.32    906    898    894    912    925    928    921      0
   919  1125.568   407.814  0    16.14    911    906    921    927    432      0      0      0
   920  1037.744   414.609  0    16.33    907    869    908    929    926      0      0      0
   921  1116.352   406.148  0    15.92    919    906    918    928    927      0      0      0
   922  1081.747   404.849  0    15.73    899    895    910    930    933    925      0      0
   923  1053.727   407.986  0    15.65    877    907    926    934    924      0      0      0
   924  1060.826   404.579  0    15.28    910    877    923    934    938      0      0      0
   925  1095.001   403.588  0    15.52    918    912    899    922    933    935    928      0
   926  1043.217   405.283  0    15.35    923    907    920    929    936    937    934      0
   927  1123.221   397.301  0    15.39    432    919    921    928    614    516      0      0
   928  1108.587   398.217  0    15.36    921    918    925    935    614    927      0      0
   929  1029.686   407.792  0    15.61    920    908    916    917    932    936    926      0
   930  1075.678   395.371  0    14.61    922    910    938    942    939    933      0      0
   931  1011.961   391.892  0    14.56    932    917    914    544    943    944      0      0
   932  1025.432   396.337  0    14.61    936    929    917    931    944    940      0      0
   933  1086.181   394.970  0    14.57    925    922    930    939    935      0      0      0
   934  1053.619   398.808  0    14.49    924    923    926    937    941    938      0      0
   935  1096.984   388.549  0    13.96    928    925    933    939    729    614      0      0
   936  1035.343   398.398  0    14.67    926    929    932    940    937      0      0      0
   937  1043.908   392.765  0    13.90    934    926    936    940    650    941      0      0
   938  1064.458   396.106  0    14.36    910    924    934    941    942    930      0      0
   939  1081.495   382.495  0    12.91    935    933    930    942    652    778    729      0
   940  1034.471   389.812  0    13.88    937    936    932    944    650      0      0      0
   941  1056.522   385.047  0    13.17    942    938    934    937    650    720    652      0
   942  1069.463   387.397  0    13.40    930    938    941    652    939      0      0      0
   943  1012.404   370.759  0    12.71    944    931    544    630     81     82    748      0
   944  1026.357   382.203  0    13.51    940    932    931    943    748    650      0      0
   945   978.020   451.608  0    16.59    946    395    415    484    948    377    874      0
   946   997.554   453.757  0    16.95    890    395    945    874    871    876      0      0
   947   942.800   443.183  0    16.30    484    498    405    330    948      0      0      0
   948   959.381   436.365  0    16.45    945    484    947    330    427    377      0      0
   949   117.620   458.390  0    17.90    950    221    185    186    187    315      0      0
   950   134.584   462.000  0    17.77    272    220    221    949    315    331      0      0
   951  1260.877   456.395  7    17.69    106    281    105      0      0      0      0      0
   952  1242.344   485.404  0    17.00    288    365    278    953    107      0      0      0
   953  1244.266   470.774  0    17.49    107    952    278    235    281    106      0      0
   954  1246.922   417.623  0    15.86    955    322    481    103    104      0      0      0
   955  1249.764   431.392  0    16.62    105    281    322    954    104      0      0      0
   956  1233.733   542.042  0    12.30    957    113    663    587    636      0      0      0
   957  1243.491   548.630  0    11.45    112    113    956    636      0      0      0      0
   958   256.977   456.366  1    10.00     19   1001   1000     18      0      0      0      0
   959   257.240   436.392  1    10.00     18   1003   1002     17      0      0      0      0
   960   274.848   473.539  1    10.00     22   1009   1006    997     21      0      0      0
   961   262.233   474.237  1    10.00    997   1007     20     21      0      0      0      0
   962   218.553   509.944  0    17.43    966    963    285    248    974   1020      0      0
   963   224.209   522.424  0    17.48    277    329    285    962    966      0      0      0
   964   295.850   519.238  0    17.21    250    333    274    971    972    965      0      0
   965   306.810   507.741  0    16.69    250    964    972   1028   1029    970      0      0
   966   233.215   510.734  0    16.68    277    963    962   1020   1021    967      0      0
   967   249.021   506.547  0    15.48    979    277    966   1021   1025    980   1010      0
   968   329.653   499.014  0    17.11    232    236    970   1029    978    969      0      0
   969   338.434   483.620  0    16.86    232    968    978   1027    973    327      0      0
   970   319.425   509.354  0    17.06    236    250    965   1029    968      0      0      0
   971   283.307   509.750  0    16.04    964    274   1011   1008   1013    972      0      0
   972   294.715   503.152  0    15.77    965    964    971   1013   1023   1028      0      0
   973   342.864   469.022  0    16.51    327    969   1027    975    397      0      0      0
   974   217.577   494.937  0    16.65   1020    962    248    342    981   1018      0      0
   975   336.722   459.793  0    16.07    973   1027    985    976    397      0      0      0
   976   334.069   448.260  0    15.85    397    975    985    987    982    468      0      0
   977   309.834   482.234  0    14.88    978   1029   1028    990    999   1026      0      0
   978   323.437   483.579  0    16.01    969    968   1029    977   1026   1027      0      0
   979   260.566   519.467  0    16.06    274    291    277    967   1010   1011      0      0
   980   260.172   490.987  0    12.95   1008   1010    967   1025   1012   1007    997   1006
   981   220.684   480.042  0    15.51   1018    974    342    478   1016   1019      0      0
   982   326.462   436.234  0    15.07    976    987    986    991    983    468      0      0
   983   331.318   421.643  0    14.93    468    982    991    992    595    527      0      0
   984   310.029   455.911  0    13.68    985   1026    999    993    994    986    987      0
   985   324.962   458.665  0    15.21    975   1027   1026    984    987    976      0      0
   986   310.056   439.094  0    13.61    987    984    994    995    996    991    982      0
   987   321.121   447.531  0    14.77    976    985    984    986    982      0      0      0
   988   226.086   451.703  0    14.27   1017   1016    478    483    586    989      0      0
   989   239.384   445.416  0    12.67   1000   1017    988    586   1002   1003      0      0
   990   296.310   481.141  0    13.37   1028   1023   1022     22    998    999    977      0
   991   317.287   426.641  0    14.04    982    986    996    992    983      0      0      0
   992   316.256   412.730  0    13.57    983    991    996   1005    689    595      0      0
   993   295.389   460.208  0    11.79    999    998     23     24    994    984      0      0
   994   296.599   447.962  0    11.97    984    993     24     25    995    986      0      0
   995   295.622   436.128  0    11.84    986    994     25     26    996      0      0      0
   996   302.341   423.502  0    12.52    991    986    995     26   1004   1005    992      0
   997   265.589   479.556  0    10.68   1006    980   1007    961     21    960      0      0
   998   292.742   470.098  0    11.44    990     22     23    993    999      0      0      0
   999   303.704   469.828  0    13.10   1026    977    990    998    993    984      0      0
  1000   248.519   451.732  0    11.45    958   1001   1017    989   1003     18      0      0
  1001   249.319   463.340  0    11.32     19   1015   1014   1017   1000    958      0      0
  1002   244.991   433.801  0    11.82    959   1003    989    586    711     17      0      0
  1003   249.223   442.192  0    11.26     18   1000    989   1002    959      0      0      0
  1004   290.740   414.524  0    10.80    996     26     27     28   1005      0      0      0
  1005   299.638   406.824  0    11.69    992    996   1004     28    763    689      0      0
  1006   270.556   485.311  0    11.62   1009   1008    980    997    960      0      0      0
  1007   259.251   479.987  0    10.95    980   1012     20    961    997      0      0      0
  1008   273.434   497.973  0    13.62    971   1011   1010    980   1006   1009   1013      0
  1009   279.278   485.640  0    11.94   1022   1013   1008   1006    960     22      0      0
  1010   263.060   505.312  0    14.67   1011    979    967    980   1008      0      0      0
  1011   271.761   512.001  0    15.46    274    979   1010   1008    971      0      0      0
  1012   251.294   481.351  0    12.00    980   1025   1024   1014   1015     20   1007      0
  1013   285.468   495.767  0    14.32    972    971   1008   1009   1022   1023      0      0
  1014   241.936   472.585  0    12.60   1012   1024   1019   1016   1017   1001   1015      0
  1015   251.294   472.115  0    11.05     20   1012   1014   1001     19      0      0      0
  1016   228.836   467.750  0    14.22   1014   1019    981    478    988   1017      0      0
  1017   238.858   458.709  0    12.87   1001   1014   1016    988    989   1000      0      0
  1018   229.400   489.812  0    15.27   1021   1020    974    981   1019   1024      0      0
  1019   232.360   479.144  0    14.12   1024   1018    981   1016   1014      0      0      0
  1020   227.332   500.681  0    16.41    966    962    974   1018   1021      0      0      0
  1021   237.914   497.976  0    15.41    967    966   1020   1018   1024   1025      0      0
  1022   287.823   485.805  0    12.86   1023   1013   1009     22    990      0      0      0
  1023   293.465   491.985  0    14.38   1028    972   1013   1022    990      0      0      0
  1024   240.231   485.710  0    13.91   1025   1021   1018   1019   1014   1012      0      0
  1025   247.726   492.514  0    13.98    967   1021   1024   1012    980      0      0      0
  1026   317.117   470.029  0    14.64   1027    978    977    999    984    985      0      0
  1027   330.711   470.466  0    15.84    969    978   1026    985    975    973      0      0
  1028   302.796   493.754  0    15.26   1029    965    972   1023    990    977      0      0
  1029   315.139   496.219  0    16.19    968    970    965   1028    977    978      0      0
