  5 4 4   .000   .000   .000   .0   4   .000   .000   .000     15     1
  5 4 4   .000   .000   .000   .0   4   .000   .000   .000    102     2
  5 4 4   .000   .000   .000   .0   4   .000   .000   .000    101     3
  5 4 4   .000   .000   .000   .0   4   .000   .000   .000    100     4
  5 4 4   .000   .000   .000   .0   4   .000   .000   .000     99     5
  5 4 4   .000   .000   .000   .0   4   .000   .000   .000     98     6
  5 4 4   .000   .000   .000   .0   4   .000   .000   .000     97     7
  5 4 4   .000   .000   .000   .0   4   .000   .000   .000     96     8
  5 4 4   .000   .000   .000   .0   4   .000   .000   .000     14     9
  2 2 2   .000   .000   .000   .0   2   .000   .000   .000     13    10
  2 2 2   .000   .000   .000   .0   2   .000   .000   .000     12    11
  2 2 2   .000   .000   .000   .0   2   .000   .000   .000     11    12
  2 2 2   .000   .000   .000   .0   2   .000   .000   .000     10    13
  2 2 2   .000   .000   .000   .0   2   .000   .000   .000      9    14
  2 2 2   .000   .000   .000   .0   2   .000   .000   .000      8    15
  2 2 2   .000   .000   .000   .0   2   .000   .000   .000      7    16
  2 2 2   .000   .000   .000   .0   2   .000   .000   .000      6    17
  2 2 2   .000   .000   .000   .0   2   .000   .000   .000      5    18
  2 2 2   .000   .000   .000   .0   2   .000   .000   .000      4    19
  2 2 2   .000   .000   .000   .0   2   .000   .000   .000      3    20
  2 2 2   .000   .000   .000   .0   2   .000   .000   .000      1    21
  2 2 2   .000   .000   .000   .0   2   .000   .000   .000     95    22
  2 2 2   .000   .000   .000   .0   2   .000   .000   .000      2    23
  2 2 2   .000   .000   .000   .0   2   .000   .000   .000   1032    24
  2 2 2   .000   .000   .000   .0   2   .000   .000   .000   1031    25
  2 2 2   .000   .000   .000   .0   2   .000   .000   .000   1030    26
  2 2 2   .000   .000   .000   .0   2   .000   .000   .000   1029    27
  2 2 2   .000   .000   .000   .0   2   .000   .000   .000   1028    28
  2 2 2   .000   .000   .000   .0   2   .000   .000   .000   1027    29
  2 2 2   .000   .000   .000   .0   2   .000   .000   .000   1026    30
  2 2 2   .000   .000   .000   .0   2   .000   .000   .000   1065    31
  2 2 2   .000   .000   .000   .0   2   .000   .000   .000   1066    32
  2 2 2   .000   .000   .000   .0   2   .000   .000   .000   1067    33
  2 2 2   .000   .000   .000   .0   2   .000   .000   .000   1025    34
  2 2 2   .000   .000   .000   .0   2   .000   .000   .000   1024    35
  2 2 2   .000   .000   .000   .0   2   .000   .000   .000   1023    36
  2 2 2   .000   .000   .000   .0   2   .000   .000   .000   1022    37
  2 2 2   .000   .000   .000   .0   2   .000   .000   .000   1021    38
  2 2 2   .000   .000   .000   .0   2   .000   .000   .000   1020    39
  2 2 2   .000   .000   .000   .0   2   .000   .000   .000   1019    40
  2 2 2   .000   .000   .000   .0   2   .000   .000   .000   1018    41
  2 2 2   .000   .000   .000   .0   2   .000   .000   .000   1017    42
  2 2 2   .000   .000   .000   .0   2   .000   .000   .000   1016    43
  2 2 2   .000   .000   .000   .0   2   .000   .000   .000   1015    44
  2 2 2   .000   .000   .000   .0   2   .000   .000   .000   1014    45
  2 2 2   .000   .000   .000   .0   2   .000   .000   .000   1013    46
  2 2 2   .000   .000   .000   .0   2   .000   .000   .000   1012    47
  2 2 2   .000   .000   .000   .0   2   .000   .000   .000   1011    48
  2 2 2   .000   .000   .000   .0   2   .000   .000   .000   1064    49
  2 2 2   .000   .000   .000   .0   2   .000   .000   .000   1010    50
  2 2 2   .000   .000   .000   .0   2   .000   .000   .000   1009    51
  2 2 2   .000   .000   .000   .0   2   .000   .000   .000   1008    52
  2 2 2   .000   .000   .000   .0   2   .000   .000   .000   1063    53
  2 2 2   .000   .000   .000   .0   2   .000   .000   .000   1007    54
  2 2 2   .000   .000   .000   .0   2   .000   .000   .000   1062    55
  2 2 2   .000   .000   .000   .0   2   .000   .000   .000   1006    56
  2 2 2   .000   .000   .000   .0   2   .000   .000   .000   1061    57
  2 2 2   .000   .000   .000   .0   2   .000   .000   .000   1005    58
  2 2 2   .000   .000   .000   .0   2   .000   .000   .000   1060    59
  2 2 2   .000   .000   .000   .0   2   .000   .000   .000   1059    60
  2 2 2   .000   .000   .000   .0   2   .000   .000   .000   1004    61
  2 2 2   .000   .000   .000   .0   2   .000   .000   .000   1058    62
  2 2 2   .000   .000   .000   .0   2   .000   .000   .000   1003    63
  2 2 2   .000   .000   .000   .0   2   .000   .000   .000   1002    64
  2 2 2   .000   .000   .000   .0   2   .000   .000   .000   1001    65
  2 2 2   .000   .000   .000   .0   2   .000   .000   .000   1000    66
  2 2 2   .000   .000   .000   .0   2   .000   .000   .000    999    67
  2 2 2   .000   .000   .000   .0   2   .000   .000   .000    998    68
  2 2 2   .000   .000   .000   .0   2   .000   .000   .000    997    69
  2 2 2   .000   .000   .000   .0   2   .000   .000   .000    963    70
  2 2 2   .000   .000   .000   .0   2   .000   .000   .000    962    71
  2 2 2   .000   .000   .000   .0   2   .000   .000   .000    961    72
  2 2 2   .000   .000   .000   .0   2   .000   .000   .000    960    73
  2 2 2   .000   .000   .000   .0   2   .000   .000   .000    959    74
  2 2 2   .000   .000   .000   .0   2   .000   .000   .000    958    75
  2 2 2   .000   .000   .000   .0   2   .000   .000   .000    957    76
  2 2 2   .000   .000   .000   .0   2   .000   .000   .000    956    77
  2 2 2   .000   .000   .000   .0   2   .000   .000   .000    955    78
  2 2 2   .000   .000   .000   .0   2   .000   .000   .000    954    79
  2 2 2   .000   .000   .000   .0   2   .000   .000   .000    969    80
  2 2 2   .000   .000   .000   .0   2   .000   .000   .000    953    81
  2 2 2   .000   .000   .000   .0   2   .000   .000   .000    952    82
  2 2 2   .000   .000   .000   .0   2   .000   .000   .000    951    83
  2 2 2   .000   .000   .000   .0   2   .000   .000   .000    950    84
  2 2 2   .000   .000   .000   .0   2   .000   .000   .000    994    85
  2 2 2   .000   .000   .000   .0   2   .000   .000   .000    993    86
  2 2 2   .000   .000   .000   .0   2   .000   .000   .000    992    87
  2 2 2   .000   .000   .000   .0   2   .000   .000   .000    991    88
  2 2 2   .000   .000   .000   .0   2   .000   .000   .000    990    89
  2 2 2   .000   .000   .000   .0   2   .000   .000   .000    989    90
  2 2 2   .000   .000   .000   .0   2   .000   .000   .000    988    91
  2 2 2   .000   .000   .000   .0   2   .000   .000   .000    987    92
  2 2 2   .000   .000   .000   .0   2   .000   .000   .000    986    93
  2 2 2   .000   .000   .000   .0   2   .000   .000   .000    985    94
  2 2 2   .000   .000   .000   .0   2   .000   .000   .000   3157    95
  2 2 2   .000   .000   .000   .0   2   .000   .000   .000   3156    96
  2 2 2   .000   .000   .000   .0   2   .000   .000   .000   3155    97
  2 2 2   .000   .000   .000   .0   2   .000   .000   .000   3154    98
  2 2 2   .000   .000   .000   .0   2   .000   .000   .000   3153    99
  2 2 2   .000   .000   .000   .0   2   .000   .000   .000   3334   100
  2 2 2   .000   .000   .000   .0   2   .000   .000   .000   3152   101
  2 2 2   .000   .000   .000   .0   2   .000   .000   .000   3151   102
  2 2 2   .000   .000   .000   .0   2   .000   .000   .000   3150   103
  2 2 2   .000   .000   .000   .0   2   .000   .000   .000   3149   104
  2 2 2   .000   .000   .000   .0   2   .000   .000   .000   3148   105
  2 2 2   .000   .000   .000   .0   2   .000   .000   .000   3147   106
  2 2 2   .000   .000   .000   .0   2   .000   .000   .000   3333   107
  2 2 2   .000   .000   .000   .0   2   .000   .000   .000   3146   108
  2 2 2   .000   .000   .000   .0   2   .000   .000   .000   6010   109
  2 2 2   .000   .000   .000   .0   2   .000   .000   .000   6009   110
  2 2 2   .000   .000   .000   .0   2   .000   .000   .000   6008   111
  2 2 2   .000   .000   .000   .0   2   .000   .000   .000   6007   112
  2 2 2   .000   .000   .000   .0   2   .000   .000   .000   6006   113
  2 2 2   .000   .000   .000   .0   2   .000   .000   .000   6005   114
  2 2 2   .000   .000   .000   .0   2   .000   .000   .000   6004   115
  2 2 2   .000   .000   .000   .0   2   .000   .000   .000   6003   116
  2 2 2   .000   .000   .000   .0   2   .000   .000   .000   6002   117
  2 2 2   .000   .000   .000   .0   2   .000   .000   .000   6001   118
  2 2 2   .000   .000   .000   .0   2   .000   .000   .000   6000   119
  2 2 2   .000   .000   .000   .0   2   .000   .000   .000   5999   120
  2 2 2   .000   .000   .000   .0   2   .000   .000   .000   5998   121
  2 2 2   .000   .000   .000   .0   2   .000   .000   .000   3141   122
  2 2 2   .000   .000   .000   .0   2   .000   .000   .000   3140   123
  2 2 2   .000   .000   .000   .0   2   .000   .000   .000   3139   124
  2 2 2   .000   .000   .000   .0   2   .000   .000   .000   3323   125
  2 2 2   .000   .000   .000   .0   2   .000   .000   .000   3138   126
  2 2 2   .000   .000   .000   .0   2   .000   .000   .000   3322   127
  2 2 2   .000   .000   .000   .0   2   .000   .000   .000   3137   128
  2 2 2   .000   .000   .000   .0   2   .000   .000   .000   3136   129
  2 2 2   .000   .000   .000   .0   2   .000   .000   .000   3321   130
  2 2 2   .000   .000   .000   .0   2   .000   .000   .000   3135   131
  2 2 2   .000   .000   .000   .0   2   .000   .000   .000   3134   132
  2 2 2   .000   .000   .000   .0   2   .000   .000   .000   3133   133
  2 2 2   .000   .000   .000   .0   2   .000   .000   .000   3132   134
  2 2 2   .000   .000   .000   .0   2   .000   .000   .000   3131   135
  2 2 2   .000   .000   .000   .0   2   .000   .000   .000   3130   136
  2 2 2   .000   .000   .000   .0   2   .000   .000   .000   3129   137
  2 2 2   .000   .000   .000   .0   2   .000   .000   .000   3128   138
  2 2 2   .000   .000   .000   .0   2   .000   .000   .000   3320   139
  2 2 2   .000   .000   .000   .0   2   .000   .000   .000   3127   140
  2 2 2   .000   .000   .000   .0   2   .000   .000   .000   3126   141
  2 2 2   .000   .000   .000   .0   2   .000   .000   .000   3319   142
  2 2 2   .000   .000   .000   .0   2   .000   .000   .000   3125   143
  2 2 2   .000   .000   .000   .0   2   .000   .000   .000   3318   144
  2 2 2   .000   .000   .000   .0   2   .000   .000   .000   3124   145
  2 2 2   .000   .000   .000   .0   2   .000   .000   .000   3123   146
  2 2 2   .000   .000   .000   .0   2   .000   .000   .000   3122   147
  2 2 2   .000   .000   .000   .0   2   .000   .000   .000   3121   148
  2 2 2   .000   .000   .000   .0   2   .000   .000   .000   3317   149
  2 2 2   .000   .000   .000   .0   2   .000   .000   .000   3120   150
  2 2 2   .000   .000   .000   .0   2   .000   .000   .000   3119   151
  2 2 2   .000   .000   .000   .0   2   .000   .000   .000   3118   152
  2 2 2   .000   .000   .000   .0   2   .000   .000   .000   3117   153
  2 2 2   .000   .000   .000   .0   2   .000   .000   .000   3116   154
  2 2 2   .000   .000   .000   .0   2   .000   .000   .000   3115   155
  2 2 2   .000   .000   .000   .0   2   .000   .000   .000   3114   156
  2 2 2   .000   .000   .000   .0   2   .000   .000   .000   3315   157
  2 2 2   .000   .000   .000   .0   2   .000   .000   .000   3316   158
  2 2 2   .000   .000   .000   .0   2   .000   .000   .000   3113   159
  2 2 2   .000   .000   .000   .0   2   .000   .000   .000   3314   160
  2 2 2   .000   .000   .000   .0   2   .000   .000   .000   3112   161
  2 2 2   .000   .000   .000   .0   2   .000   .000   .000   3111   162
  2 2 2   .000   .000   .000   .0   2   .000   .000   .000   3110   163
  2 2 2   .000   .000   .000   .0   2   .000   .000   .000   6030   164
  2 2 2   .000   .000   .000   .0   2   .000   .000   .000   6029   165
  2 2 2   .000   .000   .000   .0   2   .000   .000   .000   3105   166
  2 2 2   .000   .000   .000   .0   2   .000   .000   .000   3308   167
  2 2 2   .000   .000   .000   .0   2   .000   .000   .000   3104   168
  2 2 2   .000   .000   .000   .0   2   .000   .000   .000   3103   169
  2 2 2   .000   .000   .000   .0   2   .000   .000   .000   3307   170
  2 2 2   .000   .000   .000   .0   2   .000   .000   .000   3102   171
  2 2 2   .000   .000   .000   .0   2   .000   .000   .000   3101   172
  2 2 2   .000   .000   .000   .0   2   .000   .000   .000   3100   173
  2 2 2   .000   .000   .000   .0   2   .000   .000   .000   3099   174
  2 2 2   .000   .000   .000   .0   2   .000   .000   .000   3098   175
  2 2 2   .000   .000   .000   .0   2   .000   .000   .000   3306   176
  2 2 2   .000   .000   .000   .0   2   .000   .000   .000   3097   177
  2 2 2   .000   .000   .000   .0   2   .000   .000   .000   3096   178
  2 2 2   .000   .000   .000   .0   2   .000   .000   .000   3305   179
  2 2 2   .000   .000   .000   .0   2   .000   .000   .000   3095   180
  2 2 2   .000   .000   .000   .0   2   .000   .000   .000   3094   181
  2 2 2   .000   .000   .000   .0   2   .000   .000   .000   3093   182
  2 2 2   .000   .000   .000   .0   2   .000   .000   .000   3092   183
  2 2 2   .000   .000   .000   .0   2   .000   .000   .000   3304   184
  2 2 2   .000   .000   .000   .0   2   .000   .000   .000   3091   185
  2 2 2   .000   .000   .000   .0   2   .000   .000   .000   3090   186
  2 2 2   .000   .000   .000   .0   2   .000   .000   .000   3089   187
  2 2 2   .000   .000   .000   .0   2   .000   .000   .000   3088   188
  2 2 2   .000   .000   .000   .0   2   .000   .000   .000   3087   189
  2 2 2   .000   .000   .000   .0   2   .000   .000   .000   3303   190
  2 2 2   .000   .000   .000   .0   2   .000   .000   .000   3086   191
  2 2 2   .000   .000   .000   .0   2   .000   .000   .000   3302   192
  2 2 2   .000   .000   .000   .0   2   .000   .000   .000   3085   193
  2 2 2   .000   .000   .000   .0   2   .000   .000   .000   3084   194
  2 2 2   .000   .000   .000   .0   2   .000   .000   .000   3083   195
  2 2 2   .000   .000   .000   .0   2   .000   .000   .000   3082   196
  2 2 2   .000   .000   .000   .0   2   .000   .000   .000   3081   197
  2 2 2   .000   .000   .000   .0   2   .000   .000   .000   3080   198
  2 2 2   .000   .000   .000   .0   2   .000   .000   .000   3301   199
  2 2 2   .000   .000   .000   .0   2   .000   .000   .000   3079   200
  2 2 2   .000   .000   .000   .0   2   .000   .000   .000   6054   201
  2 2 2   .000   .000   .000   .0   2   .000   .000   .000   6053   202
  2 2 2   .000   .000   .000   .0   2   .000   .000   .000   6064   203
  2 2 2   .000   .000   .000   .0   2   .000   .000   .000   6052   204
  2 2 2   .000   .000   .000   .0   2   .000   .000   .000   6051   205
  2 2 2   .000   .000   .000   .0   2   .000   .000   .000   6050   206
  2 2 2   .000   .000   .000   .0   2   .000   .000   .000   6049   207
  2 2 2   .000   .000   .000   .0   2   .000   .000   .000   6048   208
  2 2 2   .000   .000   .000   .0   2   .000   .000   .000   6047   209
  2 2 2   .000   .000   .000   .0   2   .000   .000   .000   6046   210
  2 2 2   .000   .000   .000   .0   2   .000   .000   .000   6045   211
  2 2 2   .000   .000   .000   .0   2   .000   .000   .000   6044   212
  2 2 2   .000   .000   .000   .0   2   .000   .000   .000   6043   213
  2 2 2   .000   .000   .000   .0   2   .000   .000   .000   6042   214
  2 2 2   .000   .000   .000   .0   2   .000   .000   .000   6041   215
  2 2 2   .000   .000   .000   .0   2   .000   .000   .000   6040   216
  2 2 2   .000   .000   .000   .0   2   .000   .000   .000   6039   217
  2 2 2   .000   .000   .000   .0   2   .000   .000   .000   6038   218
  2 2 2   .000   .000   .000   .0   2   .000   .000   .000   6063   219
  2 2 2   .000   .000   .000   .0   2   .000   .000   .000   6062   220
  2 2 2   .000   .000   .000   .0   2   .000   .000   .000   6037   221
  2 2 2   .000   .000   .000   .0   2   .000   .000   .000   6061   222
  2 2 2   .000   .000   .000   .0   2   .000   .000   .000   6036   223
  2 2 2   .000   .000   .000   .0   2   .000   .000   .000   6060   224
  2 2 2   .000   .000   .000   .0   2   .000   .000   .000   6035   225
  2 2 2   .000   .000   .000   .0   2   .000   .000   .000   6034   226
  2 2 2   .000   .000   .000   .0   2   .000   .000   .000   6033   227
  2 2 2   .000   .000   .000   .0   2   .000   .000   .000   6032   228
  2 2 2   .000   .000   .000   .0   2   .000   .000   .000   3071   229
  2 2 2   .000   .000   .000   .0   2   .000   .000   .000   3070   230
  2 2 2   .000   .000   .000   .0   2   .000   .000   .000   3069   231
  2 2 2   .000   .000   .000   .0   2   .000   .000   .000   3068   232
  2 2 2   .000   .000   .000   .0   2   .000   .000   .000   3067   233
  2 2 2   .000   .000   .000   .0   2   .000   .000   .000   3066   234
  2 2 2   .000   .000   .000   .0   2   .000   .000   .000   3065   235
  2 2 2   .000   .000   .000   .0   2   .000   .000   .000   3064   236
  2 2 2   .000   .000   .000   .0   2   .000   .000   .000   3063   237
  2 2 2   .000   .000   .000   .0   2   .000   .000   .000   3062   238
  2 2 2   .000   .000   .000   .0   2   .000   .000   .000   3283   239
  2 2 2   .000   .000   .000   .0   2   .000   .000   .000   3061   240
  2 2 2   .000   .000   .000   .0   2   .000   .000   .000   3060   241
  2 2 2   .000   .000   .000   .0   2   .000   .000   .000   3059   242
  2 2 2   .000   .000   .000   .0   2   .000   .000   .000   3282   243
  2 2 2   .000   .000   .000   .0   2   .000   .000   .000   3058   244
  2 2 2   .000   .000   .000   .0   2   .000   .000   .000   3281   245
  2 2 2   .000   .000   .000   .0   2   .000   .000   .000   3057   246
  2 2 2   .000   .000   .000   .0   2   .000   .000   .000   3280   247
  2 2 2   .000   .000   .000   .0   2   .000   .000   .000   3056   248
  2 2 2   .000   .000   .000   .0   2   .000   .000   .000   3055   249
  2 2 2   .000   .000   .000   .0   2   .000   .000   .000   3279   250
  2 2 2   .000   .000   .000   .0   2   .000   .000   .000   3054   251
  2 2 2   .000   .000   .000   .0   2   .000   .000   .000   3278   252
  2 2 2   .000   .000   .000   .0   2   .000   .000   .000   3053   253
  2 2 2   .000   .000   .000   .0   2   .000   .000   .000   3277   254
  2 2 2   .000   .000   .000   .0   2   .000   .000   .000   3276   255
  2 2 2   .000   .000   .000   .0   2   .000   .000   .000   3052   256
  2 2 2   .000   .000   .000   .0   2   .000   .000   .000   3275   257
  2 2 2   .000   .000   .000   .0   2   .000   .000   .000   3051   258
  2 2 2   .000   .000   .000   .0   2   .000   .000   .000   3050   259
  2 2 2   .000   .000   .000   .0   2   .000   .000   .000   3274   260
  2 2 2   .000   .000   .000   .0   2   .000   .000   .000   3049   261
  2 2 2   .000   .000   .000   .0   2   .000   .000   .000   3273   262
  2 2 2   .000   .000   .000   .0   2   .000   .000   .000   3272   263
  2 2 2   .000   .000   .000   .0   2   .000   .000   .000   3048   264
  2 2 2   .000   .000   .000   .0   2   .000   .000   .000   3271   265
  2 2 2   .000   .000   .000   .0   2   .000   .000   .000   3270   266
  2 2 2   .000   .000   .000   .0   2   .000   .000   .000   3047   267
  2 2 2   .000   .000   .000   .0   2   .000   .000   .000   3269   268
  2 2 2   .000   .000   .000   .0   2   .000   .000   .000   3268   269
  2 2 2   .000   .000   .000   .0   2   .000   .000   .000   3046   270
  2 2 2   .000   .000   .000   .0   2   .000   .000   .000   3045   271
  2 2 2   .000   .000   .000   .0   2   .000   .000   .000   3044   272
  2 2 2   .000   .000   .000   .0   2   .000   .000   .000   3267   273
  2 2 2   .000   .000   .000   .0   2   .000   .000   .000   3043   274
  2 2 2   .000   .000   .000   .0   2   .000   .000   .000   3042   275
  2 2 2   .000   .000   .000   .0   2   .000   .000   .000   3266   276
  2 2 2   .000   .000   .000   .0   2   .000   .000   .000   3041   277
  2 2 2   .000   .000   .000   .0   2   .000   .000   .000   3265   278
  2 2 2   .000   .000   .000   .0   2   .000   .000   .000   3264   279
  2 2 2   .000   .000   .000   .0   2   .000   .000   .000   3263   280
  2 2 2   .000   .000   .000   .0   2   .000   .000   .000   3040   281
  2 2 2   .000   .000   .000   .0   2   .000   .000   .000   3039   282
  2 2 2   .000   .000   .000   .0   2   .000   .000   .000   3262   283
  2 2 2   .000   .000   .000   .0   2   .000   .000   .000   3038   284
  2 2 2   .000   .000   .000   .0   2   .000   .000   .000   3037   285
  2 2 2   .000   .000   .000   .0   2   .000   .000   .000   3261   286
  2 2 2   .000   .000   .000   .0   2   .000   .000   .000   3036   287
  2 2 2   .000   .000   .000   .0   2   .000   .000   .000   3260   288
  2 2 2   .000   .000   .000   .0   2   .000   .000   .000   3035   289
  2 2 2   .000   .000   .000   .0   2   .000   .000   .000   3259   290
  2 2 2   .000   .000   .000   .0   2   .000   .000   .000   3034   291
  2 2 2   .000   .000   .000   .0   2   .000   .000   .000   3033   292
  2 2 2   .000   .000   .000   .0   2   .000   .000   .000   3258   293
  2 2 2   .000   .000   .000   .0   2   .000   .000   .000   3032   294
  2 2 2   .000   .000   .000   .0   2   .000   .000   .000   3031   295
  2 2 2   .000   .000   .000   .0   2   .000   .000   .000   3257   296
  2 2 2   .000   .000   .000   .0   2   .000   .000   .000   3030   297
  2 2 2   .000   .000   .000   .0   2   .000   .000   .000   3256   298
  2 2 2   .000   .000   .000   .0   2   .000   .000   .000   3029   299
  2 2 2   .000   .000   .000   .0   2   .000   .000   .000   3255   300
  2 2 2   .000   .000   .000   .0   2   .000   .000   .000   3028   301
  2 2 2   .000   .000   .000   .0   2   .000   .000   .000   3254   302
  2 2 2   .000   .000   .000   .0   2   .000   .000   .000   3253   303
  2 2 2   .000   .000   .000   .0   2   .000   .000   .000   3027   304
  2 2 2   .000   .000   .000   .0   2   .000   .000   .000   3252   305
  2 2 2   .000   .000   .000   .0   2   .000   .000   .000   3026   306
  2 2 2   .000   .000   .000   .0   2   .000   .000   .000   3251   307
  2 2 2   .000   .000   .000   .0   2   .000   .000   .000   3025   308
  2 2 2   .000   .000   .000   .0   2   .000   .000   .000   3250   309
  2 2 2   .000   .000   .000   .0   2   .000   .000   .000   3249   310
  2 2 2   .000   .000   .000   .0   2   .000   .000   .000   3024   311
  2 2 2   .000   .000   .000   .0   2   .000   .000   .000   3248   312
  2 2 2   .000   .000   .000   .0   2   .000   .000   .000   3247   313
  2 2 2   .000   .000   .000   .0   2   .000   .000   .000   3023   314
  2 2 2   .000   .000   .000   .0   2   .000   .000   .000   3246   315
  2 2 2   .000   .000   .000   .0   2   .000   .000   .000   3245   316
  2 2 2   .000   .000   .000   .0   2   .000   .000   .000   2812   317
  2 2 2   .000   .000   .000   .0   2   .000   .000   .000   2811   318
  2 2 2   .000   .000   .000   .0   2   .000   .000   .000   2834   319
  2 2 2   .000   .000   .000   .0   2   .000   .000   .000   2833   320
  2 2 2   .000   .000   .000   .0   2   .000   .000   .000   2832   321
  2 2 2   .000   .000   .000   .0   2   .000   .000   .000   2831   322
  2 2 2   .000   .000   .000   .0   2   .000   .000   .000   2830   323
  2 2 2   .000   .000   .000   .0   2   .000   .000   .000   2810   324
  2 2 2   .000   .000   .000   .0   2   .000   .000   .000   2809   325
  2 2 2   .000   .000   .000   .0   2   .000   .000   .000   2808   326
  2 2 2   .000   .000   .000   .0   2   .000   .000   .000   2807   327
  2 2 2   .000   .000   .000   .0   2   .000   .000   .000   2806   328
  2 2 2   .000   .000   .000   .0   2   .000   .000   .000   2805   329
  2 2 2   .000   .000   .000   .0   2   .000   .000   .000   2804   330
  2 2 2   .000   .000   .000   .0   2   .000   .000   .000   2803   331
  2 2 2   .000   .000   .000   .0   2   .000   .000   .000   2802   332
  2 2 2   .000   .000   .000   .0   2   .000   .000   .000   2069   333
  2 2 2   .000   .000   .000   .0   2   .000   .000   .000   2068   334
  2 2 2   .000   .000   .000   .0   2   .000   .000   .000   2067   335
  2 2 2   .000   .000   .000   .0   2   .000   .000   .000   2066   336
  2 2 2   .000   .000   .000   .0   2   .000   .000   .000   2065   337
  2 2 2   .000   .000   .000   .0   2   .000   .000   .000   2064   338
  2 2 2   .000   .000   .000   .0   2   .000   .000   .000   2063   339
  2 2 2   .000   .000   .000   .0   2   .000   .000   .000   2062   340
  2 2 2   .000   .000   .000   .0   2   .000   .000   .000   2061   341
  2 2 2   .000   .000   .000   .0   2   .000   .000   .000   2060   342
  2 2 2   .000   .000   .000   .0   2   .000   .000   .000   2059   343
  2 2 2   .000   .000   .000   .0   2   .000   .000   .000   2058   344
  2 2 2   .000   .000   .000   .0   2   .000   .000   .000   2057   345
  2 2 2   .000   .000   .000   .0   2   .000   .000   .000   2056   346
  2 2 2   .000   .000   .000   .0   2   .000   .000   .000   2055   347
  2 2 2   .000   .000   .000   .0   2   .000   .000   .000   2054   348
  2 2 2   .000   .000   .000   .0   2   .000   .000   .000   2053   349
  2 2 2   .000   .000   .000   .0   2   .000   .000   .000   2052   350
  2 2 2   .000   .000   .000   .0   2   .000   .000   .000   2051   351
  2 2 2   .000   .000   .000   .0   2   .000   .000   .000   2050   352
  2 2 2   .000   .000   .000   .0   2   .000   .000   .000   2049   353
  2 2 2   .000   .000   .000   .0   2   .000   .000   .000   2048   354
  2 2 2   .000   .000   .000   .0   2   .000   .000   .000   2047   355
  2 2 2   .000   .000   .000   .0   2   .000   .000   .000   2046   356
  2 2 2   .000   .000   .000   .0   2   .000   .000   .000   2045   357
  2 2 2   .000   .000   .000   .0   2   .000   .000   .000   2044   358
  2 2 2   .000   .000   .000   .0   2   .000   .000   .000   2043   359
  2 2 2   .000   .000   .000   .0   2   .000   .000   .000   2042   360
  2 2 2   .000   .000   .000   .0   2   .000   .000   .000   2041   361
  2 2 2   .000   .000   .000   .0   2   .000   .000   .000   2040   362
  2 2 2   .000   .000   .000   .0   2   .000   .000   .000   2039   363
  2 2 2   .000   .000   .000   .0   2   .000   .000   .000   2038   364
  2 2 2   .000   .000   .000   .0   2   .000   .000   .000   2037   365
  2 2 2   .000   .000   .000   .0   2   .000   .000   .000   2036   366
  2 2 2   .000   .000   .000   .0   2   .000   .000   .000   2035   367
  2 2 2   .000   .000   .000   .0   2   .000   .000   .000   2034   368
  2 2 2   .000   .000   .000   .0   2   .000   .000   .000   2033   369
  2 2 2   .000   .000   .000   .0   2   .000   .000   .000   2032   370
  2 2 2   .000   .000   .000   .0   2   .000   .000   .000   2031   371
  2 2 2   .000   .000   .000   .0   2   .000   .000   .000   2030   372
  2 2 2   .000   .000   .000   .0   2   .000   .000   .000   2029   373
  2 2 2   .000   .000   .000   .0   2   .000   .000   .000   2028   374
  2 2 2   .000   .000   .000   .0   2   .000   .000   .000   2027   375
  2 2 2   .000   .000   .000   .0   2   .000   .000   .000   2026   376
  2 2 2   .000   .000   .000   .0   2   .000   .000   .000   2025   377
  2 2 2   .000   .000   .000   .0   2   .000   .000   .000   2024   378
  2 2 2   .000   .000   .000   .0   2   .000   .000   .000   2023   379
  2 2 2   .000   .000   .000   .0   2   .000   .000   .000   2022   380
  2 2 2   .000   .000   .000   .0   2   .000   .000   .000   2021   381
  2 2 2   .000   .000   .000   .0   2   .000   .000   .000   2020   382
  2 2 2   .000   .000   .000   .0   2   .000   .000   .000   2019   383
  2 2 2   .000   .000   .000   .0   2   .000   .000   .000   2018   384
  2 2 2   .000   .000   .000   .0   2   .000   .000   .000   2017   385
  2 2 2   .000   .000   .000   .0   2   .000   .000   .000   2016   386
  2 2 2   .000   .000   .000   .0   2   .000   .000   .000   2015   387
  2 2 2   .000   .000   .000   .0   2   .000   .000   .000   2014   388
  2 2 2   .000   .000   .000   .0   2   .000   .000   .000   2013   389
  2 2 2   .000   .000   .000   .0   2   .000   .000   .000   2012   390
  2 2 2   .000   .000   .000   .0   2   .000   .000   .000   2011   391
  2 2 2   .000   .000   .000   .0   2   .000   .000   .000   2010   392
  2 2 2   .000   .000   .000   .0   2   .000   .000   .000   2009   393
  2 2 2   .000   .000   .000   .0   2   .000   .000   .000   2008   394
  2 2 2   .000   .000   .000   .0   2   .000   .000   .000   2007   395
  2 2 2   .000   .000   .000   .0   2   .000   .000   .000   2006   396
  2 2 2   .000   .000   .000   .0   2   .000   .000   .000   2005   397
  2 2 2   .000   .000   .000   .0   2   .000   .000   .000   2004   398
  2 2 2   .000   .000   .000   .0   2   .000   .000   .000   2003   399
  2 2 2   .000   .000   .000   .0   2   .000   .000   .000   2002   400
  2 2 2   .000   .000   .000   .0   2   .000   .000   .000   2001   401
  2 2 2   .000   .000   .000   .0   2   .000   .000   .000   2000   402
  2 2 2   .000   .000   .000   .0   2   .000   .000   .000   1999   403
  2 2 2   .000   .000   .000   .0   2   .000   .000   .000   1998   404
  2 2 2   .000   .000   .000   .0   2   .000   .000   .000   1997   405
  2 2 2   .000   .000   .000   .0   2   .000   .000   .000   1996   406
  2 2 2   .000   .000   .000   .0   2   .000   .000   .000   1995   407
  2 2 2   .000   .000   .000   .0   2   .000   .000   .000   1994   408
  2 2 2   .000   .000   .000   .0   2   .000   .000   .000   1993   409
  2 2 2   .000   .000   .000   .0   2   .000   .000   .000   1992   410
  2 2 2   .000   .000   .000   .0   2   .000   .000   .000   1991   411
  2 2 2   .000   .000   .000   .0   2   .000   .000   .000   1989   412
  5 4 4   .000   .000   .000   .0   4   .000   .000   .000   1990   413
  5 4 4   .000   .000   .000   .0   4   .000   .000   .000   2153   414
  5 4 4   .000   .000   .000   .0   4   .000   .000   .000   2152   415
  5 4 4   .000   .000   .000   .0   4   .000   .000   .000   2151   416
  5 4 4   .000   .000   .000   .0   4   .000   .000   .000   2150   417
  5 4 4   .000   .000   .000   .0   4   .000   .000   .000   2149   418
  5 4 4   .000   .000   .000   .0   4   .000   .000   .000   2148   419
  5 4 4   .000   .000   .000   .0   4   .000   .000   .000   2147   420
  5 4 4   .000   .000   .000   .0   4   .000   .000   .000   2146   421
  5 4 4   .000   .000   .000   .0   4   .000   .000   .000   2145   422
  5 4 4   .000   .000   .000   .0   4   .000   .000   .000   2144   423
  5 4 4   .000   .000   .000   .0   4   .000   .000   .000   2126   424
  5 4 4   .000   .000   .000   .0   4   .000   .000   .000   2143   425
  5 4 4   .000   .000   .000   .0   4   .000   .000   .000   2142   426
  5 4 4   .000   .000   .000   .0   4   .000   .000   .000   2141   427
  5 4 4   .000   .000   .000   .0   4   .000   .000   .000   2140   428
  5 4 4   .000   .000   .000   .0   4   .000   .000   .000   2139   429
  5 4 4   .000   .000   .000   .0   4   .000   .000   .000   2138   430
  5 4 4   .000   .000   .000   .0   4   .000   .000   .000   1808   431
  5 4 4   .000   .000   .000   .0   4   .000   .000   .000   1858   432
  5 4 4   .000   .000   .000   .0   4   .000   .000   .000   1857   433
  5 4 4   .000   .000   .000   .0   4   .000   .000   .000   1856   434
  5 4 4   .000   .000   .000   .0   4   .000   .000   .000   1855   435
  5 4 4   .000   .000   .000   .0   4   .000   .000   .000   1854   436
  5 4 4   .000   .000   .000   .0   4   .000   .000   .000   1853   437
  5 4 4   .000   .000   .000   .0   4   .000   .000   .000   1852   438
  5 4 4   .000   .000   .000   .0   4   .000   .000   .000   1851   439
  5 4 4   .000   .000   .000   .0   4   .000   .000   .000   1850   440
  5 4 4   .000   .000   .000   .0   4   .000   .000   .000   1849   441
  5 4 4   .000   .000   .000   .0   4   .000   .000   .000   1848   442
  5 4 4   .000   .000   .000   .0   4   .000   .000   .000   1847   443
  5 4 4   .000   .000   .000   .0   4   .000   .000   .000   1846   444
  5 4 4   .000   .000   .000   .0   4   .000   .000   .000   1845   445
  5 4 4   .000   .000   .000   .0   4   .000   .000   .000   1844   446
  5 4 4   .000   .000   .000   .0   4   .000   .000   .000   1843   447
  5 4 4   .000   .000   .000   .0   4   .000   .000   .000   1842   448
  5 4 4   .000   .000   .000   .0   4   .000   .000   .000   1841   449
  5 4 4   .000   .000   .000   .0   4   .000   .000   .000   1840   450
  5 4 4   .000   .000   .000   .0   4   .000   .000   .000   1839   451
  5 4 4   .000   .000   .000   .0   4   .000   .000   .000   1838   452
  5 4 4   .000   .000   .000   .0   4   .000   .000   .000   1837   453
  5 4 4   .000   .000   .000   .0   4   .000   .000   .000   1836   454
  5 4 4   .000   .000   .000   .0   4   .000   .000   .000     18   455
  5 4 4   .000   .000   .000   .0   4   .000   .000   .000    168   456
  5 4 4   .000   .000   .000   .0   4   .000   .000   .000    167   457
  5 4 4   .000   .000   .000   .0   4   .000   .000   .000    166   458
  5 4 4   .000   .000   .000   .0   4   .000   .000   .000    165   459
  5 4 4   .000   .000   .000   .0   4   .000   .000   .000    164   460
  5 4 4   .000   .000   .000   .0   4   .000   .000   .000    163   461
  5 4 4   .000   .000   .000   .0   4   .000   .000   .000    162   462
  5 4 4   .000   .000   .000   .0   4   .000   .000   .000    161   463
  5 4 4   .000   .000   .000   .0   4   .000   .000   .000    160   464
  5 4 4   .000   .000   .000   .0   4   .000   .000   .000    159   465
  5 4 4   .000   .000   .000   .0   4   .000   .000   .000    158   466
  5 4 4   .000   .000   .000   .0   4   .000   .000   .000    157   467
  5 4 4   .000   .000   .000   .0   4   .000   .000   .000     17   468
  5 4 4   .000   .000   .000   .0   4   .000   .000   .000    156   469
  5 4 4   .000   .000   .000   .0   4   .000   .000   .000    155   470
  5 4 4   .000   .000   .000   .0   4   .000   .000   .000    154   471
  5 4 4   .000   .000   .000   .0   4   .000   .000   .000    153   472
  5 4 4   .000   .000   .000   .0   4   .000   .000   .000    152   473
  5 4 4   .000   .000   .000   .0   4   .000   .000   .000    151   474
  5 4 4   .000   .000   .000   .0   4   .000   .000   .000    150   475
  5 4 4   .000   .000   .000   .0   4   .000   .000   .000    149   476
  5 4 4   .000   .000   .000   .0   4   .000   .000   .000    148   477
  5 4 4   .000   .000   .000   .0   4   .000   .000   .000    147   478
  5 4 4   .000   .000   .000   .0   4   .000   .000   .000    146   479
  5 4 4   .000   .000   .000   .0   4   .000   .000   .000    145   480
  5 4 4   .000   .000   .000   .0   4   .000   .000   .000    144   481
  5 4 4   .000   .000   .000   .0   4   .000   .000   .000    143   482
  5 4 4   .000   .000   .000   .0   4   .000   .000   .000    142   483
  5 4 4   .000   .000   .000   .0   4   .000   .000   .000     16   484
  5 4 4   .000   .000   .000   .0   4   .000   .000   .000    141   485
  5 4 4   .000   .000   .000   .0   4   .000   .000   .000    140   486
  5 4 4   .000   .000   .000   .0   4   .000   .000   .000    139   487
  5 4 4   .000   .000   .000   .0   4   .000   .000   .000    138   488
  5 4 4   .000   .000   .000   .0   4   .000   .000   .000    137   489
  5 4 4   .000   .000   .000   .0   4   .000   .000   .000    136   490
  5 4 4   .000   .000   .000   .0   4   .000   .000   .000    135   491
  5 4 4   .000   .000   .000   .0   4   .000   .000   .000    134   492
  5 4 4   .000   .000   .000   .0   4   .000   .000   .000    133   493
  5 4 4   .000   .000   .000   .0   4   .000   .000   .000    132   494
  5 4 4   .000   .000   .000   .0   4   .000   .000   .000    131   495
  5 4 4   .000   .000   .000   .0   4   .000   .000   .000    130   496
  5 4 4   .000   .000   .000   .0   4   .000   .000   .000    129   497
  5 4 4   .000   .000   .000   .0   4   .000   .000   .000    128   498
  5 4 4   .000   .000   .000   .0   4   .000   .000   .000    127   499
  5 4 4   .000   .000   .000   .0   4   .000   .000   .000    126   500
  5 4 4   .000   .000   .000   .0   4   .000   .000   .000    125   501
  5 4 4   .000   .000   .000   .0   4   .000   .000   .000    124   502
  5 4 4   .000   .000   .000   .0   4   .000   .000   .000    123   503
  5 4 4   .000   .000   .000   .0   4   .000   .000   .000    122   504
  5 4 4   .000   .000   .000   .0   4   .000   .000   .000    121   505
  5 4 4   .000   .000   .000   .0   4   .000   .000   .000    120   506
  5 4 4   .000   .000   .000   .0   4   .000   .000   .000    119   507
  5 4 4   .000   .000   .000   .0   4   .000   .000   .000    118   508
  5 4 4   .000   .000   .000   .0   4   .000   .000   .000    117   509
  5 4 4   .000   .000   .000   .0   4   .000   .000   .000    116   510
  5 4 4   .000   .000   .000   .0   4   .000   .000   .000    115   511
  5 4 4   .000   .000   .000   .0   4   .000   .000   .000    114   512
  5 4 4   .000   .000   .000   .0   4   .000   .000   .000    113   513
  5 4 4   .000   .000   .000   .0   4   .000   .000   .000    112   514
  5 4 4   .000   .000   .000   .0   4   .000   .000   .000    111   515
  5 4 4   .000   .000   .000   .0   4   .000   .000   .000    110   516
  5 4 4   .000   .000   .000   .0   4   .000   .000   .000    109   517
  5 4 4   .000   .000   .000   .0   4   .000   .000   .000    108   518
  5 4 4   .000   .000   .000   .0   4   .000   .000   .000    107   519
  5 4 4   .000   .000   .000   .0   4   .000   .000   .000    106   520
  5 4 4   .000   .000   .000   .0   4   .000   .000   .000    105   521
  5 4 4   .000   .000   .000   .0   4   .000   .000   .000    104   522
  5 4 4   .000   .000   .000   .0   4   .000   .000   .000    103   523
  2 2 2   .000   .000   .000   .0   2   .000   .000   .000   2109   524
  2 2 2   .000   .000   .000   .0   2   .000   .000   .000   2108   525
  2 2 2   .000   .000   .000   .0   2   .000   .000   .000   2107   526
  2 2 2   .000   .000   .000   .0   2   .000   .000   .000   2106   527
  2 2 2   .000   .000   .000   .0   2   .000   .000   .000   2105   528
  2 2 2   .000   .000   .000   .0   2   .000   .000   .000   2104   529
  2 2 2   .000   .000   .000   .0   2   .000   .000   .000   2103   530
  2 2 2   .000   .000   .000   .0   2   .000   .000   .000   2102   531
  2 2 2   .000   .000   .000   .0   2   .000   .000   .000   2101   532
  2 2 2   .000   .000   .000   .0   2   .000   .000   .000   2100   533
  2 2 2   .000   .000   .000   .0   2   .000   .000   .000   2099   534
  2 2 2   .000   .000   .000   .0   2   .000   .000   .000   2098   535
  2 2 2   .000   .000   .000   .0   2   .000   .000   .000   2097   536
  2 2 2   .000   .000   .000   .0   2   .000   .000   .000   2096   537
  2 2 2   .000   .000   .000   .0   2   .000   .000   .000   2095   538
  2 2 2   .000   .000   .000   .0   2   .000   .000   .000   2094   539
  2 2 2   .000   .000   .000   .0   2   .000   .000   .000   2093   540
  2 2 2   .000   .000   .000   .0   2   .000   .000   .000   2092   541
  2 2 2   .000   .000   .000   .0   2   .000   .000   .000   2091   542
  2 2 2   .000   .000   .000   .0   2   .000   .000   .000   2090   543
  2 2 2   .000   .000   .000   .0   2   .000   .000   .000   2089   544
  2 2 2   .000   .000   .000   .0   2   .000   .000   .000   2088   545
  2 2 2   .000   .000   .000   .0   2   .000   .000   .000   2087   546
  2 2 2   .000   .000   .000   .0   2   .000   .000   .000   2086   547
  2 2 2   .000   .000   .000   .0   2   .000   .000   .000   2085   548
  2 2 2   .000   .000   .000   .0   2   .000   .000   .000   2084   549
  2 2 2   .000   .000   .000   .0   2   .000   .000   .000   2083   550
  2 2 2   .000   .000   .000   .0   2   .000   .000   .000   2082   551
  2 2 2   .000   .000   .000   .0   2   .000   .000   .000   2081   552
  2 2 2   .000   .000   .000   .0   2   .000   .000   .000   2080   553
  2 2 2   .000   .000   .000   .0   2   .000   .000   .000   2079   554
  2 2 2   .000   .000   .000   .0   2   .000   .000   .000   2078   555
  2 2 2   .000   .000   .000   .0   2   .000   .000   .000   2077   556
  2 2 2   .000   .000   .000   .0   2   .000   .000   .000   2076   557
  2 2 2   .000   .000   .000   .0   2   .000   .000   .000   2075   558
  2 2 2   .000   .000   .000   .0   2   .000   .000   .000   2074   559
  2 2 2   .000   .000   .000   .0   2   .000   .000   .000   2073   560
  2 2 2   .000   .000   .000   .0   2   .000   .000   .000   2829   561
  2 2 2   .000   .000   .000   .0   2   .000   .000   .000   2828   562
  2 2 2   .000   .000   .000   .0   2   .000   .000   .000   2827   563
  2 2 2   .000   .000   .000   .0   2   .000   .000   .000   2826   564
  2 2 2   .000   .000   .000   .0   2   .000   .000   .000   2825   565
  2 2 2   .000   .000   .000   .0   2   .000   .000   .000   2824   566
  2 2 2   .000   .000   .000   .0   2   .000   .000   .000   2823   567
  2 2 2   .000   .000   .000   .0   2   .000   .000   .000   2822   568
  2 2 2   .000   .000   .000   .0   2   .000   .000   .000   2821   569
  2 2 2   .000   .000   .000   .0   2   .000   .000   .000   2820   570
  2 2 2   .000   .000   .000   .0   2   .000   .000   .000   2819   571
  2 2 2   .000   .000   .000   .0   2   .000   .000   .000   2818   572
  2 2 2   .000   .000   .000   .0   2   .000   .000   .000   2817   573
  2 2 2   .000   .000   .000   .0   2   .000   .000   .000   2816   574
  2 2 2   .000   .000   .000   .0   2   .000   .000   .000   2815   575
  2 2 2   .000   .000   .000   .0   2   .000   .000   .000   3381   576
  2 2 2   .000   .000   .000   .0   2   .000   .000   .000   3380   577
  2 2 2   .000   .000   .000   .0   2   .000   .000   .000   3244   578
  2 2 2   .000   .000   .000   .0   2   .000   .000   .000   3379   579
  2 2 2   .000   .000   .000   .0   2   .000   .000   .000   3378   580
  2 2 2   .000   .000   .000   .0   2   .000   .000   .000   3243   581
  2 2 2   .000   .000   .000   .0   2   .000   .000   .000   3242   582
  2 2 2   .000   .000   .000   .0   2   .000   .000   .000   3241   583
  2 2 2   .000   .000   .000   .0   2   .000   .000   .000   3377   584
  2 2 2   .000   .000   .000   .0   2   .000   .000   .000   3240   585
  2 2 2   .000   .000   .000   .0   2   .000   .000   .000   3239   586
  2 2 2   .000   .000   .000   .0   2   .000   .000   .000   3376   587
  2 2 2   .000   .000   .000   .0   2   .000   .000   .000   3238   588
  2 2 2   .000   .000   .000   .0   2   .000   .000   .000   3237   589
  2 2 2   .000   .000   .000   .0   2   .000   .000   .000   3375   590
  2 2 2   .000   .000   .000   .0   2   .000   .000   .000   3236   591
  2 2 2   .000   .000   .000   .0   2   .000   .000   .000   3374   592
  2 2 2   .000   .000   .000   .0   2   .000   .000   .000   3235   593
  2 2 2   .000   .000   .000   .0   2   .000   .000   .000   3234   594
  2 2 2   .000   .000   .000   .0   2   .000   .000   .000   3372   595
  2 2 2   .000   .000   .000   .0   2   .000   .000   .000   3373   596
  2 2 2   .000   .000   .000   .0   2   .000   .000   .000   3233   597
  2 2 2   .000   .000   .000   .0   2   .000   .000   .000   3371   598
  2 2 2   .000   .000   .000   .0   2   .000   .000   .000   3232   599
  2 2 2   .000   .000   .000   .0   2   .000   .000   .000   3231   600
  2 2 2   .000   .000   .000   .0   2   .000   .000   .000   3370   601
  2 2 2   .000   .000   .000   .0   2   .000   .000   .000   3230   602
  2 2 2   .000   .000   .000   .0   2   .000   .000   .000   3229   603
  2 2 2   .000   .000   .000   .0   2   .000   .000   .000   3369   604
  2 2 2   .000   .000   .000   .0   2   .000   .000   .000   3228   605
  2 2 2   .000   .000   .000   .0   2   .000   .000   .000   3368   606
  2 2 2   .000   .000   .000   .0   2   .000   .000   .000   3227   607
  2 2 2   .000   .000   .000   .0   2   .000   .000   .000   3226   608
  2 2 2   .000   .000   .000   .0   2   .000   .000   .000   3225   609
  2 2 2   .000   .000   .000   .0   2   .000   .000   .000   3367   610
  2 2 2   .000   .000   .000   .0   2   .000   .000   .000   3224   611
  2 2 2   .000   .000   .000   .0   2   .000   .000   .000   3366   612
  2 2 2   .000   .000   .000   .0   2   .000   .000   .000   3223   613
  2 2 2   .000   .000   .000   .0   2   .000   .000   .000   3365   614
  2 2 2   .000   .000   .000   .0   2   .000   .000   .000   3364   615
  2 2 2   .000   .000   .000   .0   2   .000   .000   .000   3222   616
  2 2 2   .000   .000   .000   .0   2   .000   .000   .000   3363   617
  2 2 2   .000   .000   .000   .0   2   .000   .000   .000   3221   618
  2 2 2   .000   .000   .000   .0   2   .000   .000   .000   3362   619
  2 2 2   .000   .000   .000   .0   2   .000   .000   .000   3361   620
  2 2 2   .000   .000   .000   .0   2   .000   .000   .000   3220   621
  2 2 2   .000   .000   .000   .0   2   .000   .000   .000   3360   622
  2 2 2   .000   .000   .000   .0   2   .000   .000   .000   3219   623
  2 2 2   .000   .000   .000   .0   2   .000   .000   .000   3359   624
  2 2 2   .000   .000   .000   .0   2   .000   .000   .000   3218   625
  2 2 2   .000   .000   .000   .0   2   .000   .000   .000   3358   626
  2 2 2   .000   .000   .000   .0   2   .000   .000   .000   3357   627
  2 2 2   .000   .000   .000   .0   2   .000   .000   .000   3356   628
  2 2 2   .000   .000   .000   .0   2   .000   .000   .000   3355   629
  2 2 2   .000   .000   .000   .0   2   .000   .000   .000   3217   630
  2 2 2   .000   .000   .000   .0   2   .000   .000   .000   3216   631
  2 2 2   .000   .000   .000   .0   2   .000   .000   .000   3215   632
  2 2 2   .000   .000   .000   .0   2   .000   .000   .000   3354   633
  2 2 2   .000   .000   .000   .0   2   .000   .000   .000   3214   634
  2 2 2   .000   .000   .000   .0   2   .000   .000   .000   3213   635
  2 2 2   .000   .000   .000   .0   2   .000   .000   .000   5996   636
  2 2 2   .000   .000   .000   .0   2   .000   .000   .000   5991   637
  2 2 2   .000   .000   .000   .0   2   .000   .000   .000   5990   638
  2 2 2   .000   .000   .000   .0   2   .000   .000   .000   5995   639
  2 2 2   .000   .000   .000   .0   2   .000   .000   .000   5989   640
  2 2 2   .000   .000   .000   .0   2   .000   .000   .000   3205   641
  2 2 2   .000   .000   .000   .0   2   .000   .000   .000   3352   642
  2 2 2   .000   .000   .000   .0   2   .000   .000   .000   3204   643
  2 2 2   .000   .000   .000   .0   2   .000   .000   .000   3351   644
  2 2 2   .000   .000   .000   .0   2   .000   .000   .000   3203   645
  2 2 2   .000   .000   .000   .0   2   .000   .000   .000   3202   646
  2 2 2   .000   .000   .000   .0   2   .000   .000   .000   3201   647
  2 2 2   .000   .000   .000   .0   2   .000   .000   .000   3350   648
  2 2 2   .000   .000   .000   .0   2   .000   .000   .000   3349   649
  2 2 2   .000   .000   .000   .0   2   .000   .000   .000   3348   650
  2 2 2   .000   .000   .000   .0   2   .000   .000   .000   3347   651
  2 2 2   .000   .000   .000   .0   2   .000   .000   .000   3200   652
  2 2 2   .000   .000   .000   .0   2   .000   .000   .000   3199   653
  2 2 2   .000   .000   .000   .0   2   .000   .000   .000   3198   654
  2 2 2   .000   .000   .000   .0   2   .000   .000   .000   3197   655
  2 2 2   .000   .000   .000   .0   2   .000   .000   .000   3196   656
  2 2 2   .000   .000   .000   .0   2   .000   .000   .000   3346   657
  2 2 2   .000   .000   .000   .0   2   .000   .000   .000   3345   658
  2 2 2   .000   .000   .000   .0   2   .000   .000   .000   3344   659
  2 2 2   .000   .000   .000   .0   2   .000   .000   .000   3195   660
  2 2 2   .000   .000   .000   .0   2   .000   .000   .000   3194   661
  2 2 2   .000   .000   .000   .0   2   .000   .000   .000   3343   662
  2 2 2   .000   .000   .000   .0   2   .000   .000   .000   3193   663
  2 2 2   .000   .000   .000   .0   2   .000   .000   .000   3342   664
  2 2 2   .000   .000   .000   .0   2   .000   .000   .000   3192   665
  2 2 2   .000   .000   .000   .0   2   .000   .000   .000   3341   666
  2 2 2   .000   .000   .000   .0   2   .000   .000   .000   3191   667
  2 2 2   .000   .000   .000   .0   2   .000   .000   .000   3190   668
  2 2 2   .000   .000   .000   .0   2   .000   .000   .000   3340   669
  2 2 2   .000   .000   .000   .0   2   .000   .000   .000   3189   670
  2 2 2   .000   .000   .000   .0   2   .000   .000   .000   3188   671
  2 2 2   .000   .000   .000   .0   2   .000   .000   .000   3187   672
  2 2 2   .000   .000   .000   .0   2   .000   .000   .000   3186   673
  2 2 2   .000   .000   .000   .0   2   .000   .000   .000   3185   674
  2 2 2   .000   .000   .000   .0   2   .000   .000   .000   3184   675
  2 2 2   .000   .000   .000   .0   2   .000   .000   .000   3183   676
  2 2 2   .000   .000   .000   .0   2   .000   .000   .000   3182   677
  2 2 2   .000   .000   .000   .0   2   .000   .000   .000   3181   678
  2 2 2   .000   .000   .000   .0   2   .000   .000   .000   3180   679
  2 2 2   .000   .000   .000   .0   2   .000   .000   .000   3179   680
  2 2 2   .000   .000   .000   .0   2   .000   .000   .000   3178   681
  2 2 2   .000   .000   .000   .0   2   .000   .000   .000   3177   682
  2 2 2   .000   .000   .000   .0   2   .000   .000   .000   3176   683
  2 2 2   .000   .000   .000   .0   2   .000   .000   .000   3339   684
  2 2 2   .000   .000   .000   .0   2   .000   .000   .000   3175   685
  2 2 2   .000   .000   .000   .0   2   .000   .000   .000   3338   686
  2 2 2   .000   .000   .000   .0   2   .000   .000   .000   3174   687
  2 2 2   .000   .000   .000   .0   2   .000   .000   .000   3173   688
  2 2 2   .000   .000   .000   .0   2   .000   .000   .000   3337   689
  2 2 2   .000   .000   .000   .0   2   .000   .000   .000   3172   690
  2 2 2   .000   .000   .000   .0   2   .000   .000   .000   3171   691
  2 2 2   .000   .000   .000   .0   2   .000   .000   .000   3170   692
  2 2 2   .000   .000   .000   .0   2   .000   .000   .000   3169   693
  2 2 2   .000   .000   .000   .0   2   .000   .000   .000   3336   694
  2 2 2   .000   .000   .000   .0   2   .000   .000   .000   3168   695
  2 2 2   .000   .000   .000   .0   2   .000   .000   .000   3335   696
  2 2 2   .000   .000   .000   .0   2   .000   .000   .000   3167   697
  2 2 2   .000   .000   .000   .0   2   .000   .000   .000   3166   698
  2 2 2   .000   .000   .000   .0   2   .000   .000   .000   3165   699
  2 2 2   .000   .000   .000   .0   2   .000   .000   .000   3164   700
  2 2 2   .000   .000   .000   .0   2   .000   .000   .000   3163   701
  2 2 2   .000   .000   .000   .0   2   .000   .000   .000   3162   702
  2 2 2   .000   .000   .000   .0   2   .000   .000   .000   3161   703
  2 2 2   .000   .000   .000   .0   2   .000   .000   .000   3160   704
  2 2 2   .000   .000   .000   .0   2   .000   .000   .000   3159   705
  2 2 2   .000   .000   .000   .0   2   .000   .000   .000   3158   706
  2 2 2   .000   .000   .000   .0   2   .000   .000   .000   1050   707
  2 2 2   .000   .000   .000   .0   2   .000   .000   .000   1049   708
  2 2 2   .000   .000   .000   .0   2   .000   .000   .000   1048   709
  2 2 2   .000   .000   .000   .0   2   .000   .000   .000   1078   710
  2 2 2   .000   .000   .000   .0   2   .000   .000   .000   1047   711
  2 2 2   .000   .000   .000   .0   2   .000   .000   .000   1046   712
  2 2 2   .000   .000   .000   .0   2   .000   .000   .000   1076   713
  2 2 2   .000   .000   .000   .0   2   .000   .000   .000   1077   714
  2 2 2   .000   .000   .000   .0   2   .000   .000   .000   1045   715
  2 2 2   .000   .000   .000   .0   2   .000   .000   .000   1044   716
  2 2 2   .000   .000   .000   .0   2   .000   .000   .000   1075   717
  2 2 2   .000   .000   .000   .0   2   .000   .000   .000   1074   718
  2 2 2   .000   .000   .000   .0   2   .000   .000   .000   1043   719
  2 2 2   .000   .000   .000   .0   2   .000   .000   .000   1072   720
  2 2 2   .000   .000   .000   .0   2   .000   .000   .000   1073   721
  2 2 2   .000   .000   .000   .0   2   .000   .000   .000   1042   722
  2 2 2   .000   .000   .000   .0   2   .000   .000   .000   1041   723
  2 2 2   .000   .000   .000   .0   2   .000   .000   .000   1071   724
  2 2 2   .000   .000   .000   .0   2   .000   .000   .000   1070   725
  2 2 2   .000   .000   .000   .0   2   .000   .000   .000   1040   726
  2 2 2   .000   .000   .000   .0   2   .000   .000   .000   1069   727
  2 2 2   .000   .000   .000   .0   2   .000   .000   .000   1039   728
  2 2 2   .000   .000   .000   .0   2   .000   .000   .000   1038   729
  2 2 2   .000   .000   .000   .0   2   .000   .000   .000   1037   730
  2 2 2   .000   .000   .000   .0   2   .000   .000   .000   1036   731
  2 2 2   .000   .000   .000   .0   2   .000   .000   .000   1035   732
  2 2 2   .000   .000   .000   .0   2   .000   .000   .000    873   733
  2 2 2   .000   .000   .000   .0   2   .000   .000   .000    872   734
  2 2 2   .000   .000   .000   .0   2   .000   .000   .000    871   735
  2 2 2   .000   .000   .000   .0   2   .000   .000   .000    870   736
  2 2 2   .000   .000   .000   .0   2   .000   .000   .000    869   737
  2 2 2   .000   .000   .000   .0   2   .000   .000   .000    868   738
  2 2 2   .000   .000   .000   .0   2   .000   .000   .000    867   739
  2 2 2   .000   .000   .000   .0   2   .000   .000   .000    866   740
  2 2 2   .000   .000   .000   .0   2   .000   .000   .000    865   741
  2 2 2   .000   .000   .000   .0   2   .000   .000   .000    864   742
  2 2 2   .000   .000   .000   .0   2   .000   .000   .000    863   743
  2 2 2   .000   .000   .000   .0   2   .000   .000   .000    862   744
  2 2 2   .000   .000   .000   .0   2   .000   .000   .000    861   745
  2 2 2   .000   .000   .000   .0   2   .000   .000   .000    860   746
  2 2 2   .000   .000   .000   .0   2   .000   .000   .000    859   747
  2 2 2   .000   .000   .000   .0   2   .000   .000   .000    858   748
  2 2 2   .000   .000   .000   .0   2   .000   .000   .000    857   749
  2 2 2   .000   .000   .000   .0   2   .000   .000   .000    856   750
  2 2 2   .000   .000   .000   .0   2   .000   .000   .000    855   751
  2 2 2   .000   .000   .000   .0   2   .000   .000   .000    854   752
  2 2 2   .000   .000   .000   .0   2   .000   .000   .000    853   753
  2 2 2   .000   .000   .000   .0   2   .000   .000   .000    852   754
  2 2 2   .000   .000   .000   .0   2   .000   .000   .000    851   755
  2 2 2   .000   .000   .000   .0   2   .000   .000   .000    850   756
  2 2 2   .000   .000   .000   .0   2   .000   .000   .000    849   757
  2 2 2   .000   .000   .000   .0   2   .000   .000   .000    848   758
  2 2 2   .000   .000   .000   .0   2   .000   .000   .000    847   759
  2 2 2   .000   .000   .000   .0   2   .000   .000   .000    846   760
  2 2 2   .000   .000   .000   .0   2   .000   .000   .000    845   761
  2 2 2   .000   .000   .000   .0   2   .000   .000   .000    844   762
  2 2 2   .000   .000   .000   .0   2   .000   .000   .000    843   763
  2 2 2   .000   .000   .000   .0   2   .000   .000   .000    941   764
  2 2 2   .000   .000   .000   .0   2   .000   .000   .000    940   765
  2 2 2   .000   .000   .000   .0   2   .000   .000   .000    939   766
  2 2 2   .000   .000   .000   .0   2   .000   .000   .000    938   767
  2 2 2   .000   .000   .000   .0   2   .000   .000   .000    937   768
  2 2 2   .000   .000   .000   .0   2   .000   .000   .000    936   769
  2 2 2   .000   .000   .000   .0   2   .000   .000   .000    935   770
  2 2 2   .000   .000   .000   .0   2   .000   .000   .000     42   771
  2 2 2   .000   .000   .000   .0   2   .000   .000   .000     41   772
  2 2 2   .000   .000   .000   .0   2   .000   .000   .000     40   773
  2 2 2   .000   .000   .000   .0   2   .000   .000   .000     39   774
  2 2 2   .000   .000   .000   .0   2   .000   .000   .000     38   775
  2 2 2   .000   .000   .000   .0   2   .000   .000   .000     37   776
  2 2 2   .000   .000   .000   .0   2   .000   .000   .000     36   777
  2 2 2   .000   .000   .000   .0   2   .000   .000   .000     35   778
  2 2 2   .000   .000   .000   .0   2   .000   .000   .000     34   779
  2 2 2   .000   .000   .000   .0   2   .000   .000   .000     33   780
  2 2 2   .000   .000   .000   .0   2   .000   .000   .000     32   781
  2 2 2   .000   .000   .000   .0   2   .000   .000   .000     31   782
  2 2 2   .000   .000   .000   .0   2   .000   .000   .000     30   783
  2 2 2   .000   .000   .000   .0   2   .000   .000   .000     29   784
  2 2 2   .000   .000   .000   .0   2   .000   .000   .000    798   785
  2 2 2   .000   .000   .000   .0   2   .000   .000   .000    797   786
  2 2 2   .000   .000   .000   .0   2   .000   .000   .000    796   787
  2 2 2   .000   .000   .000   .0   2   .000   .000   .000    795   788
  2 2 2   .000   .000   .000   .0   2   .000   .000   .000    794   789
  2 2 2   .000   .000   .000   .0   2   .000   .000   .000    793   790
  2 2 2   .000   .000   .000   .0   2   .000   .000   .000    792   791
  2 2 2   .000   .000   .000   .0   2   .000   .000   .000    791   792
  2 2 2   .000   .000   .000   .0   2   .000   .000   .000    790   793
  2 2 2   .000   .000   .000   .0   2   .000   .000   .000    789   794
  2 2 2   .000   .000   .000   .0   2   .000   .000   .000    788   795
  2 2 2   .000   .000   .000   .0   2   .000   .000   .000    787   796
  2 2 2   .000   .000   .000   .0   2   .000   .000   .000    786   797
  2 2 2   .000   .000   .000   .0   2   .000   .000   .000    781   798
  2 2 2   .000   .000   .000   .0   2   .000   .000   .000   1832   799
  2 2 2   .000   .000   .000   .0   2   .000   .000   .000   1831   800
  2 2 2   .000   .000   .000   .0   2   .000   .000   .000   1830   801
  2 2 2   .000   .000   .000   .0   2   .000   .000   .000   1829   802
  2 2 2   .000   .000   .000   .0   2   .000   .000   .000   1828   803
  2 2 2   .000   .000   .000   .0   2   .000   .000   .000   1827   804
  2 2 2   .000   .000   .000   .0   2   .000   .000   .000   1826   805
  2 2 2   .000   .000   .000   .0   2   .000   .000   .000   1825   806
  2 2 2   .000   .000   .000   .0   2   .000   .000   .000   1824   807
  2 2 2   .000   .000   .000   .0   2   .000   .000   .000   1823   808
  2 2 2   .000   .000   .000   .0   2   .000   .000   .000   1822   809
  2 2 2   .000   .000   .000   .0   2   .000   .000   .000   1821   810
  2 2 2   .000   .000   .000   .0   2   .000   .000   .000   2116   811
  2 2 2   .000   .000   .000   .0   2   .000   .000   .000   2115   812
  2 2 2   .000   .000   .000   .0   2   .000   .000   .000   2114   813
  2 2 2   .000   .000   .000   .0   2   .000   .000   .000   2113   814
  2 2 2   .000   .000   .000   .0   2   .000   .000   .000   2112   815
  2 2 2   .000   .000   .000   .0   2   .000   .000   .000   2111   816
  2 2 2   .000   .000   .000   .0   2   .000   .000   .000   2110   817
  2 2 2   .000   .000   .000   .0   2   .000   .000   .000   3109   818
  2 2 2   .000   .000   .000   .0   2   .000   .000   .000   3108   819
  2 2 2   .000   .000   .000   .0   2   .000   .000   .000   3107   820
  2 2 2   .000   .000   .000   .0   2   .000   .000   .000   3106   821
  2 2 2   .000   .000   .000   .0   2   .000   .000   .000     45   822
  2 2 2   .000   .000   .000   .0   2   .000   .000   .000     44   823
  2 2 2   .000   .000   .000   .0   2   .000   .000   .000     43   824
  2 2 2   .000   .000   .000   .0   2   .000   .000   .000    934   825
  2 2 2   .000   .000   .000   .0   2   .000   .000   .000    933   826
  2 2 2   .000   .000   .000   .0   2   .000   .000   .000    932   827
  2 2 2   .000   .000   .000   .0   2   .000   .000   .000    931   828
  2 2 2   .000   .000   .000   .0   2   .000   .000   .000    836   829
  2 2 2   .000   .000   .000   .0   2   .000   .000   .000    835   830
  2 2 2   .000   .000   .000   .0   2   .000   .000   .000    834   831
  2 2 2   .000   .000   .000   .0   2   .000   .000   .000    833   832
  2 2 2   .000   .000   .000   .0   2   .000   .000   .000    832   833
  2 2 2   .000   .000   .000   .0   2   .000   .000   .000    831   834
  2 2 2   .000   .000   .000   .0   2   .000   .000   .000    830   835
  2 2 2   .000   .000   .000   .0   2   .000   .000   .000    829   836
  2 2 2   .000   .000   .000   .0   2   .000   .000   .000    828   837
  2 2 2   .000   .000   .000   .0   2   .000   .000   .000    827   838
  2 2 2   .000   .000   .000   .0   2   .000   .000   .000    826   839
  2 2 2   .000   .000   .000   .0   2   .000   .000   .000    825   840
  2 2 2   .000   .000   .000   .0   2   .000   .000   .000    824   841
  2 2 2   .000   .000   .000   .0   2   .000   .000   .000    822   842
  2 2 2   .000   .000   .000   .0   2   .000   .000   .000    823   843
  2 2 2   .000   .000   .000   .0   2   .000   .000   .000   1034   844
  2 2 2   .000   .000   .000   .0   2   .000   .000   .000   1068   845
  2 2 2   .000   .000   .000   .0   2   .000   .000   .000   1033   846
  2 2 2   .000   .000   .000   .0   2   .000   .000   .000     90   847
  2 2 2   .000   .000   .000   .0   2   .000   .000   .000     89   848
  2 2 2   .000   .000   .000   .0   2   .000   .000   .000     88   849
  2 2 2   .000   .000   .000   .0   2   .000   .000   .000     87   850
  2 2 2   .000   .000   .000   .0   2   .000   .000   .000     86   851
  2 2 2   .000   .000   .000   .0   2   .000   .000   .000     85   852
  2 2 2   .000   .000   .000   .0   2   .000   .000   .000     84   853
  2 2 2   .000   .000   .000   .0   2   .000   .000   .000     83   854
  2 2 2   .000   .000   .000   .0   2   .000   .000   .000     82   855
  2 2 2   .000   .000   .000   .0   2   .000   .000   .000     81   856
  2 2 2   .000   .000   .000   .0   2   .000   .000   .000     80   857
  2 2 2   .000   .000   .000   .0   2   .000   .000   .000     79   858
  2 2 2   .000   .000   .000   .0   2   .000   .000   .000     78   859
  2 2 2   .000   .000   .000   .0   2   .000   .000   .000     77   860
  2 2 2   .000   .000   .000   .0   2   .000   .000   .000     76   861
  2 2 2   .000   .000   .000   .0   2   .000   .000   .000     75   862
  2 2 2   .000   .000   .000   .0   2   .000   .000   .000     74   863
  2 2 2   .000   .000   .000   .0   2   .000   .000   .000     73   864
  2 2 2   .000   .000   .000   .0   2   .000   .000   .000     72   865
  2 2 2   .000   .000   .000   .0   2   .000   .000   .000     71   866
  2 2 2   .000   .000   .000   .0   2   .000   .000   .000     70   867
  2 2 2   .000   .000   .000   .0   2   .000   .000   .000     69   868
  2 2 2   .000   .000   .000   .0   2   .000   .000   .000     68   869
  2 2 2   .000   .000   .000   .0   2   .000   .000   .000     67   870
  2 2 2   .000   .000   .000   .0   2   .000   .000   .000     66   871
  2 2 2   .000   .000   .000   .0   2   .000   .000   .000     65   872
  2 2 2   .000   .000   .000   .0   2   .000   .000   .000     64   873
  2 2 2   .000   .000   .000   .0   2   .000   .000   .000     63   874
  2 2 2   .000   .000   .000   .0   2   .000   .000   .000     62   875
  2 2 2   .000   .000   .000   .0   2   .000   .000   .000     61   876
  2 2 2   .000   .000   .000   .0   2   .000   .000   .000     60   877
  2 2 2   .000   .000   .000   .0   2   .000   .000   .000     59   878
  2 2 2   .000   .000   .000   .0   2   .000   .000   .000     58   879
  2 2 2   .000   .000   .000   .0   2   .000   .000   .000     57   880
  2 2 2   .000   .000   .000   .0   2   .000   .000   .000     56   881
  2 2 2   .000   .000   .000   .0   2   .000   .000   .000     55   882
  2 2 2   .000   .000   .000   .0   2   .000   .000   .000     54   883
  2 2 2   .000   .000   .000   .0   2   .000   .000   .000     53   884
  2 2 2   .000   .000   .000   .0   2   .000   .000   .000     52   885
  2 2 2   .000   .000   .000   .0   2   .000   .000   .000     51   886
  2 2 2   .000   .000   .000   .0   2   .000   .000   .000     50   887
  2 2 2   .000   .000   .000   .0   2   .000   .000   .000     49   888
  2 2 2   .000   .000   .000   .0   2   .000   .000   .000     48   889
  2 2 2   .000   .000   .000   .0   2   .000   .000   .000     47   890
  2 2 2   .000   .000   .000   .0   2   .000   .000   .000     46   891
  2 2 2   .000   .000   .000   .0   2   .000   .000   .000   2118   892
  2 2 2   .000   .000   .000   .0   2   .000   .000   .000   2117   893
  2 2 2   .000   .000   .000   .0   2   .000   .000   .000   1820   894
  2 2 2   .000   .000   .000   .0   2   .000   .000   .000   1819   895
  2 2 2   .000   .000   .000   .0   2   .000   .000   .000   1818   896
  2 2 2   .000   .000   .000   .0   2   .000   .000   .000   1817   897
  2 2 2   .000   .000   .000   .0   2   .000   .000   .000   1816   898
  2 2 2   .000   .000   .000   .0   2   .000   .000   .000   1815   899
  2 2 2   .000   .000   .000   .0   2   .000   .000   .000   1814   900
  2 2 2   .000   .000   .000   .0   2   .000   .000   .000   1813   901
  2 2 2   .000   .000   .000   .0   2   .000   .000   .000   1812   902
  2 2 2   .000   .000   .000   .0   2   .000   .000   .000   1811   903
  2 2 2   .000   .000   .000   .0   2   .000   .000   .000   1810   904
  2 2 2   .000   .000   .000   .0   2   .000   .000   .000   1809   905
  2 2 2   .000   .000   .000   .0   2   .000   .000   .000   2125   906
  2 2 2   .000   .000   .000   .0   2   .000   .000   .000   2124   907
  2 2 2   .000   .000   .000   .0   2   .000   .000   .000   2123   908
  2 2 2   .000   .000   .000   .0   2   .000   .000   .000   2122   909
  2 2 2   .000   .000   .000   .0   2   .000   .000   .000   2121   910
  2 2 2   .000   .000   .000   .0   2   .000   .000   .000   2120   911
  2 2 2   .000   .000   .000   .0   2   .000   .000   .000   2119   912
  2 2 2   .000   .000   .000   .0   2   .000   .000   .000    996   913
  2 2 2   .000   .000   .000   .0   2   .000   .000   .000    995   914
  2 2 2   .000   .000   .000   .0   2   .000   .000   .000   1057   915
  2 2 2   .000   .000   .000   .0   2   .000   .000   .000    968   916
  2 2 2   .000   .000   .000   .0   2   .000   .000   .000    967   917
  2 2 2   .000   .000   .000   .0   2   .000   .000   .000    972   918
  2 2 2   .000   .000   .000   .0   2   .000   .000   .000    973   919
  2 2 2   .000   .000   .000   .0   2   .000   .000   .000    966   920
  2 2 2   .000   .000   .000   .0   2   .000   .000   .000    965   921
  2 2 2   .000   .000   .000   .0   2   .000   .000   .000    964   922
  2 2 2   .000   .000   .000   .0   2   .000   .000   .000    807   923
  2 2 2   .000   .000   .000   .0   2   .000   .000   .000    806   924
  2 2 2   .000   .000   .000   .0   2   .000   .000   .000    805   925
  2 2 2   .000   .000   .000   .0   2   .000   .000   .000    804   926
  2 2 2   .000   .000   .000   .0   2   .000   .000   .000    803   927
  2 2 2   .000   .000   .000   .0   2   .000   .000   .000    802   928
  2 2 2   .000   .000   .000   .0   2   .000   .000   .000    801   929
  2 2 2   .000   .000   .000   .0   2   .000   .000   .000    800   930
  2 2 2   .000   .000   .000   .0   2   .000   .000   .000    799   931
  2 2 2   .000   .000   .000   .0   2   .000   .000   .000     28   932
  2 2 2   .000   .000   .000   .0   2   .000   .000   .000     27   933
  2 2 2   .000   .000   .000   .0   2   .000   .000   .000     26   934
  2 2 2   .000   .000   .000   .0   2   .000   .000   .000     25   935
  2 2 2   .000   .000   .000   .0   2   .000   .000   .000     24   936
  2 2 2   .000   .000   .000   .0   2   .000   .000   .000     23   937
  2 2 2   .000   .000   .000   .0   2   .000   .000   .000     22   938
  2 2 2   .000   .000   .000   .0   2   .000   .000   .000     21   939
  2 2 2   .000   .000   .000   .0   2   .000   .000   .000     20   940
  2 2 2   .000   .000   .000   .0   2   .000   .000   .000     19   941
  2 2 2   .000   .000   .000   .0   2   .000   .000   .000   1835   942
  2 2 2   .000   .000   .000   .0   2   .000   .000   .000   1834   943
  2 2 2   .000   .000   .000   .0   2   .000   .000   .000   1833   944
  2 2 2   .000   .000   .000   .0   2   .000   .000   .000    782   945
  2 2 2   .000   .000   .000   .0   2   .000   .000   .000    808   946
  2 2 2   .000   .000   .000   .0   2   .000   .000   .000   3327   947
  2 2 2   .000   .000   .000   .0   2   .000   .000   .000   3143   948
  2 2 2   .000   .000   .000   .0   2   .000   .000   .000   3326   949
  2 2 2   .000   .000   .000   .0   2   .000   .000   .000   3142   950
  2 2 2   .000   .000   .000   .0   2   .000   .000   .000   6011   951
  2 2 2   .000   .000   .000   .0   2   .000   .000   .000   3145   952
  2 2 2   .000   .000   .000   .0   2   .000   .000   .000   3144   953
  2 2 2   .000   .000   .000   .0   2   .000   .000   .000   6059   954
  2 2 2   .000   .000   .000   .0   2   .000   .000   .000   6066   955
  2 2 2   .000   .000   .000   .0   2   .000   .000   .000   6058   956
  2 2 2   .000   .000   .000   .0   2   .000   .000   .000   6065   957
  2 2 2   .000   .000   .000   .0   2   .000   .000   .000   6057   958
  2 2 2   .000   .000   .000   .0   2   .000   .000   .000   6056   959
  2 2 2   .000   .000   .000   .0   2   .000   .000   .000   6055   960
  2 2 2   .000   .000   .000   .0   2   .000   .000   .000   3078   961
  2 2 2   .000   .000   .000   .0   2   .000   .000   .000   3077   962
  2 2 2   .000   .000   .000   .0   2   .000   .000   .000   3076   963
  2 2 2   .000   .000   .000   .0   2   .000   .000   .000   3075   964
  2 2 2   .000   .000   .000   .0   2   .000   .000   .000   3290   965
  2 2 2   .000   .000   .000   .0   2   .000   .000   .000   3074   966
  2 2 2   .000   .000   .000   .0   2   .000   .000   .000   3073   967
  2 2 2   .000   .000   .000   .0   2   .000   .000   .000   3072   968
  2 2 2   .000   .000   .000   .0   2   .000   .000   .000   5993   969
  2 2 2   .000   .000   .000   .0   2   .000   .000   .000   5992   970
  2 2 2   .000   .000   .000   .0   2   .000   .000   .000   3212   971
  2 2 2   .000   .000   .000   .0   2   .000   .000   .000   3211   972
  2 2 2   .000   .000   .000   .0   2   .000   .000   .000   3210   973
  2 2 2   .000   .000   .000   .0   2   .000   .000   .000   3209   974
  2 2 2   .000   .000   .000   .0   2   .000   .000   .000   3208   975
  2 2 2   .000   .000   .000   .0   2   .000   .000   .000   3353   976
  2 2 2   .000   .000   .000   .0   2   .000   .000   .000   3207   977
  2 2 2   .000   .000   .000   .0   2   .000   .000   .000   3206   978
  2 2 2   .000   .000   .000   .0   2   .000   .000   .000   5994   979
  2 2 2   .000   .000   .000   .0   2   .000   .000   .000   5997   980
  2 2 2   .000   .000   .000   .0   2   .000   .000   .000    838   981
  2 2 2   .000   .000   .000   .0   2   .000   .000   .000    837   982
  2 2 2   .000   .000   .000   .0   2   .000   .000   .000    842   983
  2 2 2   .000   .000   .000   .0   2   .000   .000   .000    841   984
  2 2 2   .000   .000   .000   .0   2   .000   .000   .000    840   985
  2 2 2   .000   .000   .000   .0   2   .000   .000   .000    839   986
