/CAS TEST LAI ET AL. 1989                                                
  7
F01 PT2D000814  UNITE SI        
F02 PT2D000838  UNITE SI        
F03 PT2D000839  UNITE SI        
F04 PT2D000847  UNITE SI        
F05 PT2D000860  UNITE SI        
F06 PT2D000869  UNITE SI        
F07 PT2D000891  UNITE SI        
0 0 0 0 0 0 0 0 0 0
TEMPS =       0.00000
0.2500E+00  0.0000E+00  0.0000E+00  0.0000E+00  0.0000E+00  0.0000E+00  0.0000E+00  0.0000E+00
0.2750E+00  0.0000E+00  0.0000E+00  0.0000E+00  0.0000E+00  0.0000E+00  0.0000E+00  0.0000E+00
0.3025E+00  0.0000E+00  0.0000E+00  0.0000E+00  0.0000E+00  0.0000E+00  0.0000E+00  0.0000E+00
0.3328E+00  0.0000E+00  0.0000E+00  0.0000E+00  0.0000E+00  0.0000E+00  0.0000E+00  0.0000E+00
0.3660E+00  0.0000E+00  0.0000E+00  0.0000E+00  0.0000E+00  0.0000E+00  0.0000E+00  0.0000E+00
0.4026E+00  0.0000E+00  0.0000E+00  0.0000E+00  0.0000E+00  0.0000E+00  0.0000E+00  0.0000E+00
0.4429E+00  0.0000E+00  0.0000E+00  0.0000E+00  0.0000E+00  0.0000E+00  0.0000E+00  0.0000E+00
0.4872E+00  0.0000E+00  0.0000E+00  0.0000E+00  0.0000E+00  0.0000E+00  0.0000E+00  0.0000E+00
0.5359E+00  0.0000E+00  0.0000E+00  0.0000E+00  0.0000E+00  0.0000E+00  0.0000E+00  0.0000E+00
0.5895E+00  0.0000E+00  0.0000E+00  0.0000E+00  0.0000E+00  0.0000E+00  0.0000E+00  0.0000E+00
0.6484E+00  0.0000E+00  0.0000E+00  0.0000E+00  0.0000E+00  0.0000E+00  0.0000E+00  0.0000E+00
0.7133E+00  0.0000E+00  0.0000E+00  0.0000E+00  0.0000E+00  0.0000E+00  0.0000E+00  0.0000E+00
0.7846E+00  0.0000E+00  0.0000E+00  0.0000E+00  0.0000E+00  0.0000E+00  0.0000E+00  0.0000E+00
0.8631E+00  0.4344E-25  0.4344E-25  0.4344E-25  0.4344E-25  0.4344E-25  0.4344E-25  0.4344E-25
0.9494E+00  0.4967E-18  0.4967E-18  0.4967E-18  0.4967E-18  0.4967E-18  0.4967E-18  0.4967E-18
0.1044E+01  0.2827E-13  0.2827E-13  0.2827E-13  0.2827E-13  0.2827E-13  0.2827E-13  0.2827E-13
0.1149E+01  0.4302E-10  0.4302E-10  0.4302E-10  0.4302E-10  0.4302E-10  0.4302E-10  0.4302E-10
0.1264E+01  0.5516E-08  0.5516E-08  0.5516E-08  0.5516E-08  0.5516E-08  0.5516E-08  0.5516E-08
0.1390E+01  0.1305E-06  0.1305E-06  0.1305E-06  0.1305E-06  0.1305E-06  0.1305E-06  0.1305E-06
0.1529E+01  0.9745E-06  0.9745E-06  0.9745E-06  0.9745E-06  0.9745E-06  0.9745E-06  0.9745E-06
0.1682E+01  0.3320E-05  0.3320E-05  0.3320E-05  0.3320E-05  0.3320E-05  0.3320E-05  0.3320E-05
0.1850E+01  0.7168E-05  0.7168E-05  0.7168E-05  0.7168E-05  0.7168E-05  0.7168E-05  0.7168E-05
0.2035E+01  0.1760E-04  0.1760E-04  0.1760E-04  0.1760E-04  0.1760E-04  0.1760E-04  0.1760E-04
0.2239E+01  0.3091E-04  0.3091E-04  0.3091E-04  0.3091E-04  0.3091E-04  0.3091E-04  0.3091E-04
0.2462E+01  0.1414E-04  0.1414E-04  0.1414E-04  0.1414E-04  0.1414E-04  0.1414E-04  0.1414E-04
0.2709E+01  0.7190E-05  0.7190E-05  0.7190E-05  0.7190E-05  0.7190E-05  0.7190E-05  0.7190E-05
0.2980E+01  0.5079E-05  0.5079E-05  0.5079E-05  0.5079E-05  0.5079E-05  0.5079E-05  0.5079E-05
0.3277E+01  0.3546E-05  0.3546E-05  0.3546E-05  0.3546E-05  0.3546E-05  0.3546E-05  0.3546E-05
0.3605E+01  0.2386E-05  0.2386E-05  0.2386E-05  0.2386E-05  0.2386E-05  0.2386E-05  0.2386E-05
0.3966E+01  0.1565E-05  0.1565E-05  0.1565E-05  0.1565E-05  0.1565E-05  0.1565E-05  0.1565E-05
0.4362E+01  0.1009E-05  0.1009E-05  0.1009E-05  0.1009E-05  0.1009E-05  0.1009E-05  0.1009E-05
0.4799E+01  0.6428E-06  0.6428E-06  0.6428E-06  0.6428E-06  0.6428E-06  0.6428E-06  0.6428E-06
0.5278E+01  0.4062E-06  0.4062E-06  0.4062E-06  0.4062E-06  0.4062E-06  0.4062E-06  0.4062E-06
0.5806E+01  0.2553E-06  0.2553E-06  0.2553E-06  0.2553E-06  0.2553E-06  0.2553E-06  0.2553E-06
0.6387E+01  0.1598E-06  0.1598E-06  0.1598E-06  0.1598E-06  0.1598E-06  0.1598E-06  0.1598E-06
0.7026E+01  0.9977E-07  0.9977E-07  0.9977E-07  0.9977E-07  0.9977E-07  0.9977E-07  0.9977E-07
TEMPS =      10.00000
0.2500E+00  0.1463E-55  0.7709E-47  0.1699E-46  0.1966E-43  0.1118E-36  0.5166E-31  0.2735E-33
0.2750E+00  0.1312E-53  0.1626E-44  0.3714E-44  0.3080E-41  0.1425E-34  0.2440E-29  0.7272E-31
0.3025E+00  0.1917E-51  0.2834E-42  0.1138E-07  0.1147E-07  0.2404E-06  0.1871E-27  0.4759E-28
0.3328E+00  0.3131E-49  0.3530E-40  0.2061E-08  0.2079E-08  0.4355E-07  0.1254E-25  0.2250E-25
0.3660E+00  0.6351E-47  0.2466E-38  0.4899E-38  0.1626E-35  0.7355E-29  0.7397E-24  0.5654E-23
0.4026E+00  0.1343E-44  0.1501E-36  0.2780E-36  0.6198E-34  0.3751E-27  0.3899E-22  0.7489E-21
0.4429E+00  0.2928E-42  0.1418E-05  0.8256E-35  0.1547E-32  0.1600E-25  0.1884E-20  0.6819E-19
0.4872E+00  0.3883E-40  0.2465E-05  0.1258E-08  0.1489E-08  0.1004E-06  0.8620E-19  0.4301E-17
0.5359E+00  0.1701E-38  0.9217E-07  0.6979E-10  0.8261E-10  0.5570E-08  0.3901E-17  0.1998E-15
0.5895E+00  0.1775E-37  0.6810E-07  0.3572E-06  0.1105E-06  0.5268E-07  0.1802E-15  0.6906E-14
0.6484E+00  0.1499E-32  0.3237E-08  0.2980E-05  0.1136E-05  0.6171E-06  0.8068E-14  0.2001E-12
0.7133E+00  0.1043E-24  0.4166E-08  0.4696E-06  0.2614E-06  0.3375E-06  0.6960E-12  0.4563E-11
0.7846E+00  0.2637E-19  0.6988E-10  0.4481E-07  0.3124E-07  0.1048E-06  0.2821E-10  0.7635E-10
0.8631E+00  0.1425E-15  0.1053E-08  0.9492E-08  0.8072E-08  0.8891E-07  0.6764E-09  0.1053E-08
0.9494E+00  0.2898E-11  0.5650E-05  0.1711E-08  0.1453E-08  0.5358E-07  0.1062E-07  0.1518E-07
0.1044E+01  0.1177E-08  0.1748E-05  0.3469E-05  0.1036E-05  0.4352E-06  0.1104E-06  0.1518E-06
0.1149E+01  0.5229E-07  0.1819E-06  0.1072E-05  0.5478E-06  0.6231E-06  0.7506E-06  0.8663E-06
0.1264E+01  0.6291E-06  0.5699E-05  0.3399E-05  0.2241E-05  0.4695E-05  0.3882E-05  0.3310E-05
0.1390E+01  0.3038E-05  0.1154E-04  0.1182E-04  0.9463E-05  0.2191E-04  0.1370E-04  0.8649E-05
0.1529E+01  0.8127E-05  0.2884E-04  0.3519E-04  0.4041E-04  0.6566E-04  0.2469E-04  0.1638E-04
0.1682E+01  0.2866E-04  0.6926E-04  0.1198E-03  0.4832E-04  0.3971E-04  0.2741E-04  0.2987E-04
0.1850E+01  0.4019E-04  0.1387E-03  0.5129E-04  0.1063E-04  0.1058E-04  0.1204E-04  0.3021E-04
0.2035E+01  0.1667E-04  0.9656E-05  0.1709E-06  0.1001E-06  0.2077E-06  0.5199E-05  0.1467E-04
0.2239E+01  0.1120E-04  0.6982E-07  0.3536E-07  0.3528E-07  0.7400E-07  0.3556E-05  0.1092E-04
0.2462E+01  0.6335E-05  0.1434E-07  0.9270E-08  0.1097E-07  0.2885E-07  0.1314E-05  0.6353E-05
0.2709E+01  0.4329E-05  0.2658E-08  0.9547E-09  0.9863E-09  0.1129E-07  0.1523E-06  0.4322E-05
0.2980E+01  0.2649E-05  0.3594E-09  0.1374E-09  0.1350E-09  0.4414E-08  0.3001E-07  0.2241E-05
0.3277E+01  0.8800E-07  0.6316E-10  0.2481E-10  0.3261E-10  0.1919E-08  0.8301E-08  0.5239E-07
0.3605E+01  0.4100E-08  0.3028E-11  0.2621E-11  0.8360E-11  0.8921E-09  0.2829E-08  0.9172E-11
0.3966E+01  0.1060E-08  0.3664E-12  0.8059E-14  0.1700E-11  0.3240E-09  0.1034E-08  0.2032E-11
0.4362E+01  0.9723E-10  0.2762E-14  0.2114E-14  0.4176E-12  0.8127E-10  0.3121E-09  0.7788E-13
0.4799E+01  0.5261E-11  0.7124E-15  0.7594E-15  0.1137E-12  0.2282E-10  0.7061E-10  0.0000E+00
0.5278E+01  0.1398E-12  0.2397E-15  0.2559E-15  0.2079E-13  0.4582E-11  0.9938E-11  0.0000E+00
0.5806E+01  0.2284E-15  0.6172E-16  0.6114E-16  0.2175E-14  0.5399E-12  0.7533E-12  0.0000E+00
0.6387E+01  0.4522E-16  0.5384E-17  0.1861E-17  0.1264E-15  0.3440E-13  0.4500E-13  0.0000E+00
0.7026E+01  0.4326E-18  0.2409E-18  0.1614E-18  0.1265E-16  0.3474E-14  0.2179E-14  0.0000E+00
TEMPS =      20.00000
0.2500E+00  0.6186E-56  0.2488E-47  0.5413E-47  0.5837E-44  0.2825E-37  0.9670E-32  0.4388E-34
0.2750E+00  0.5577E-54  0.5309E-45  0.1198E-44  0.9302E-42  0.3583E-35  0.4449E-30  0.1545E-31
0.3025E+00  0.8166E-52  0.9339E-43  0.3611E-07  0.1936E-06  0.4439E-06  0.3321E-28  0.1401E-28
0.3328E+00  0.1331E-49  0.1177E-40  0.6543E-08  0.3509E-07  0.8044E-07  0.2172E-26  0.7307E-26
0.3660E+00  0.2683E-47  0.8412E-39  0.1655E-38  0.5153E-36  0.1808E-29  0.1254E-24  0.1852E-23
0.4026E+00  0.5613E-45  0.5216E-37  0.9575E-37  0.2005E-34  0.9158E-28  0.6479E-23  0.2395E-21
0.4429E+00  0.1207E-42  0.1737E-05  0.2897E-35  0.5096E-33  0.3881E-26  0.3073E-21  0.2110E-19
0.4872E+00  0.1596E-40  0.2620E-05  0.1092E-07  0.8319E-07  0.2478E-06  0.1427E-19  0.1280E-17
0.5359E+00  0.7087E-39  0.8631E-07  0.6057E-09  0.4615E-08  0.1374E-07  0.7506E-18  0.5705E-16
0.5895E+00  0.7588E-38  0.6369E-07  0.4132E-06  0.7154E-07  0.4747E-07  0.4461E-16  0.1899E-14
0.6484E+00  0.1499E-32  0.6369E-08  0.3199E-05  0.7797E-06  0.6039E-06  0.2426E-14  0.5340E-13
0.7133E+00  0.1043E-24  0.8198E-08  0.4611E-06  0.3203E-06  0.4970E-06  0.2469E-12  0.1205E-11
0.7846E+00  0.2637E-19  0.2870E-09  0.4872E-07  0.8228E-07  0.1721E-06  0.9717E-11  0.2058E-10
0.8631E+00  0.1425E-15  0.4323E-08  0.1578E-07  0.6294E-07  0.1562E-06  0.2241E-09  0.3029E-09
0.9494E+00  0.2898E-11  0.6307E-05  0.6043E-08  0.3965E-07  0.1436E-06  0.3436E-08  0.5144E-08
0.1044E+01  0.1177E-08  0.1769E-05  0.3758E-05  0.7747E-06  0.3715E-06  0.3616E-07  0.6383E-07
0.1149E+01  0.5229E-07  0.1782E-06  0.1071E-05  0.5025E-06  0.4705E-06  0.2638E-06  0.4659E-06
0.1264E+01  0.6291E-06  0.6077E-05  0.3487E-05  0.2034E-05  0.1882E-05  0.1649E-05  0.2246E-05
0.1390E+01  0.3038E-05  0.1169E-04  0.1193E-04  0.8116E-05  0.7844E-05  0.7752E-05  0.7094E-05
0.1529E+01  0.8127E-05  0.2924E-04  0.3529E-04  0.2834E-04  0.3909E-04  0.1790E-04  0.1442E-04
0.1682E+01  0.2866E-04  0.6962E-04  0.1184E-03  0.6138E-04  0.3815E-04  0.2381E-04  0.1972E-04
0.1850E+01  0.4019E-04  0.1388E-03  0.5022E-04  0.1374E-04  0.9942E-05  0.1077E-04  0.1189E-04
0.2035E+01  0.1667E-04  0.9721E-05  0.2224E-06  0.1519E-06  0.3426E-06  0.3149E-05  0.5158E-05
0.2239E+01  0.1120E-04  0.8604E-07  0.4730E-07  0.5474E-07  0.1524E-06  0.1352E-05  0.5241E-05
0.2462E+01  0.6335E-05  0.2027E-07  0.1438E-07  0.2080E-07  0.8672E-07  0.7580E-06  0.4691E-05
0.2709E+01  0.4331E-05  0.4959E-08  0.3591E-08  0.9199E-08  0.4543E-07  0.2391E-06  0.4069E-05
0.2980E+01  0.2657E-05  0.1448E-08  0.1102E-08  0.4726E-08  0.2092E-07  0.8552E-07  0.2254E-05
0.3277E+01  0.9732E-07  0.5267E-09  0.4289E-09  0.2715E-08  0.1010E-07  0.3094E-07  0.5580E-07
0.3605E+01  0.7567E-08  0.1414E-09  0.2087E-09  0.1693E-08  0.5622E-08  0.1067E-07  0.1415E-10
0.3966E+01  0.2163E-08  0.6522E-10  0.8399E-10  0.8112E-09  0.2698E-08  0.3681E-08  0.3769E-11
0.4362E+01  0.3160E-09  0.2621E-10  0.2782E-10  0.2846E-09  0.1171E-08  0.1224E-08  0.1570E-12
0.4799E+01  0.2806E-10  0.8680E-11  0.1001E-10  0.1026E-09  0.5286E-09  0.3746E-09  0.0000E+00
0.5278E+01  0.7760E-12  0.1989E-11  0.2654E-11  0.2835E-10  0.2021E-09  0.8387E-10  0.0000E+00
0.5806E+01  0.3202E-14  0.3844E-12  0.4546E-12  0.5154E-11  0.5800E-10  0.9839E-11  0.0000E+00
0.6387E+01  0.6401E-15  0.5241E-13  0.5114E-13  0.6474E-12  0.9130E-11  0.8798E-12  0.0000E+00
0.7026E+01  0.3662E-16  0.1037E-13  0.1217E-13  0.1575E-12  0.2322E-11  0.7805E-13  0.0000E+00
TEMPS =      30.00000
0.2500E+00  0.1207E-56  0.5469E-48  0.1199E-47  0.1359E-44  0.7261E-38  0.2518E-32  0.1542E-34
0.2750E+00  0.1088E-54  0.1162E-45  0.2642E-45  0.2151E-42  0.9191E-36  0.1149E-30  0.9937E-32
0.3025E+00  0.1594E-52  0.2038E-43  0.2204E-06  0.4181E-06  0.5212E-06  0.8474E-29  0.1201E-28
0.3328E+00  0.2602E-50  0.2557E-41  0.3993E-07  0.7575E-07  0.9443E-07  0.5467E-27  0.6606E-26
0.3660E+00  0.5258E-48  0.1810E-39  0.3582E-39  0.1166E-36  0.4568E-30  0.3119E-25  0.1690E-23
0.4026E+00  0.1104E-45  0.1115E-37  0.2057E-37  0.4491E-35  0.2293E-28  0.1600E-23  0.2181E-21
0.4429E+00  0.2382E-43  0.1684E-05  0.6171E-36  0.1130E-33  0.9605E-27  0.7672E-22  0.1912E-19
0.4872E+00  0.3156E-41  0.2524E-05  0.1048E-06  0.2295E-06  0.3132E-06  0.4094E-20  0.1150E-17
0.5359E+00  0.1403E-39  0.1221E-06  0.5813E-08  0.1273E-07  0.1737E-07  0.3280E-18  0.5064E-16
0.5895E+00  0.1510E-38  0.9644E-07  0.3708E-06  0.4855E-07  0.4731E-07  0.2812E-16  0.1658E-14
0.6484E+00  0.1499E-32  0.3242E-07  0.2808E-05  0.6045E-06  0.6177E-06  0.1831E-14  0.4551E-13
0.7133E+00  0.1043E-24  0.4173E-07  0.5178E-06  0.4680E-06  0.5743E-06  0.2171E-12  0.9915E-12
0.7846E+00  0.2637E-19  0.2390E-08  0.9944E-07  0.1576E-06  0.2011E-06  0.8625E-11  0.1614E-10
0.8631E+00  0.1425E-15  0.3599E-07  0.7058E-07  0.1408E-06  0.1841E-06  0.1958E-09  0.2217E-09
0.9494E+00  0.2898E-11  0.6157E-05  0.5026E-07  0.1255E-06  0.1897E-06  0.2897E-08  0.3370E-08
0.1044E+01  0.1177E-08  0.1757E-05  0.3551E-05  0.4165E-06  0.4080E-06  0.2891E-07  0.3613E-07
0.1149E+01  0.5229E-07  0.2195E-06  0.1058E-05  0.4665E-06  0.5112E-06  0.1965E-06  0.2317E-06
0.1264E+01  0.6291E-06  0.6049E-05  0.3493E-05  0.1906E-05  0.1813E-05  0.1112E-05  0.1047E-05
0.1390E+01  0.3038E-05  0.1165E-04  0.1186E-04  0.7588E-05  0.7083E-05  0.4533E-05  0.3450E-05
0.1529E+01  0.8127E-05  0.2923E-04  0.3528E-04  0.2758E-04  0.2701E-04  0.9837E-05  0.8223E-05
0.1682E+01  0.2866E-04  0.6961E-04  0.1184E-03  0.6703E-04  0.4164E-04  0.1562E-04  0.1413E-04
0.1850E+01  0.4019E-04  0.1387E-03  0.5019E-04  0.1712E-04  0.9072E-05  0.1010E-04  0.9465E-05
0.2035E+01  0.1667E-04  0.9720E-05  0.2277E-06  0.1936E-06  0.2440E-06  0.2754E-05  0.2824E-05
0.2239E+01  0.1120E-04  0.8926E-07  0.5011E-07  0.6792E-07  0.1255E-06  0.9433E-06  0.1416E-05
0.2462E+01  0.6336E-05  0.2360E-07  0.1827E-07  0.3245E-07  0.8383E-07  0.5571E-06  0.1701E-05
0.2709E+01  0.4331E-05  0.8896E-08  0.8894E-08  0.1948E-07  0.5428E-07  0.2025E-06  0.2817E-05
0.2980E+01  0.2659E-05  0.4899E-08  0.4996E-08  0.1095E-07  0.2949E-07  0.8762E-07  0.2193E-05
0.3277E+01  0.1016E-06  0.3511E-08  0.3090E-08  0.6578E-08  0.1585E-07  0.3756E-07  0.5732E-07
0.3605E+01  0.8974E-08  0.1825E-08  0.2278E-08  0.4635E-08  0.9734E-08  0.1429E-07  0.7847E-11
0.3966E+01  0.2620E-08  0.1129E-08  0.1348E-08  0.2741E-08  0.4759E-08  0.5081E-08  0.1377E-11
0.4362E+01  0.4468E-09  0.5878E-09  0.6233E-09  0.1482E-08  0.1989E-08  0.1681E-08  0.4129E-13
0.4799E+01  0.4055E-10  0.2601E-09  0.2846E-09  0.7874E-09  0.9845E-09  0.5231E-09  0.0000E+00
0.5278E+01  0.1076E-11  0.8797E-10  0.1062E-09  0.3501E-09  0.4297E-09  0.1294E-09  0.0000E+00
0.5806E+01  0.9064E-14  0.2454E-10  0.2878E-10  0.1175E-09  0.1598E-09  0.1899E-10  0.0000E+00
0.6387E+01  0.1725E-14  0.5157E-11  0.5357E-11  0.2448E-10  0.4543E-10  0.2070E-11  0.0000E+00
0.7026E+01  0.1794E-15  0.1601E-11  0.1734E-11  0.7582E-11  0.1810E-10  0.2321E-12  0.0000E+00
TEMPS =      40.00000
0.2500E+00  0.6771E-57  0.3710E-48  0.8187E-48  0.9635E-45  0.5436E-38  0.1912E-32  0.1285E-34
0.2750E+00  0.6045E-55  0.7851E-46  0.1796E-45  0.1518E-42  0.6877E-36  0.8724E-31  0.9438E-32
0.3025E+00  0.8790E-53  0.1371E-43  0.3669E-06  0.5101E-06  0.5400E-06  0.6435E-29  0.1182E-28
0.3328E+00  0.1430E-50  0.1710E-41  0.6648E-07  0.9242E-07  0.9785E-07  0.4152E-27  0.6534E-26
0.3660E+00  0.2892E-48  0.1197E-39  0.2384E-39  0.8078E-37  0.3400E-30  0.2371E-25  0.1673E-23
0.4026E+00  0.6086E-46  0.7302E-38  0.1356E-37  0.3083E-35  0.1702E-28  0.1219E-23  0.2159E-21
0.4429E+00  0.1317E-43  0.1615E-05  0.4013E-36  0.7673E-34  0.7105E-27  0.5888E-22  0.1892E-19
0.4872E+00  0.1731E-41  0.2397E-05  0.1973E-06  0.2995E-06  0.3293E-06  0.3303E-20  0.1137E-17
0.5359E+00  0.7507E-40  0.1473E-06  0.1094E-07  0.1661E-07  0.1827E-07  0.2940E-18  0.5003E-16
0.5895E+00  0.7779E-39  0.1198E-06  0.3309E-06  0.4757E-07  0.4723E-07  0.2670E-16  0.1636E-14
0.6484E+00  0.1499E-32  0.5707E-07  0.2459E-05  0.6170E-06  0.6212E-06  0.1776E-14  0.4483E-13
0.7133E+00  0.1043E-24  0.7346E-07  0.5713E-06  0.5541E-06  0.5937E-06  0.2138E-12  0.9741E-12
0.7846E+00  0.2637E-19  0.4777E-08  0.1462E-06  0.1938E-06  0.2085E-06  0.8499E-11  0.1579E-10
0.8631E+00  0.1425E-15  0.7195E-07  0.1227E-06  0.1771E-06  0.1912E-06  0.1926E-09  0.2156E-09
0.9494E+00  0.2898E-11  0.5943E-05  0.1014E-06  0.1720E-06  0.2014E-06  0.2841E-08  0.3231E-08
0.1044E+01  0.1177E-08  0.1723E-05  0.3202E-05  0.3977E-06  0.4186E-06  0.2820E-07  0.3360E-07
0.1149E+01  0.5229E-07  0.2661E-06  0.1000E-05  0.4981E-06  0.5231E-06  0.1904E-06  0.2042E-06
0.1264E+01  0.6291E-06  0.5973E-05  0.3431E-05  0.1866E-05  0.1800E-05  0.1068E-05  0.8470E-06
0.1390E+01  0.3038E-05  0.1155E-04  0.1158E-04  0.7378E-05  0.7061E-05  0.4248E-05  0.2488E-05
0.1529E+01  0.8127E-05  0.2916E-04  0.3513E-04  0.2695E-04  0.2575E-04  0.8966E-05  0.5299E-05
0.1682E+01  0.2866E-04  0.6956E-04  0.1183E-03  0.6950E-04  0.4670E-04  0.1460E-04  0.9002E-05
0.1850E+01  0.4019E-04  0.1387E-03  0.5018E-04  0.1969E-04  0.8916E-05  0.1067E-04  0.7190E-05
0.2035E+01  0.1667E-04  0.9728E-05  0.2321E-06  0.1881E-06  0.2116E-06  0.2973E-05  0.2545E-05
0.2239E+01  0.1120E-04  0.9127E-07  0.4889E-07  0.6238E-07  0.1197E-06  0.8765E-06  0.6252E-06
0.2462E+01  0.6336E-05  0.2535E-07  0.2034E-07  0.3568E-07  0.8243E-07  0.5235E-06  0.4230E-06
0.2709E+01  0.4333E-05  0.1153E-07  0.1206E-07  0.2366E-07  0.5492E-07  0.1891E-06  0.1454E-05
0.2980E+01  0.2666E-05  0.7011E-08  0.7047E-08  0.1362E-07  0.3038E-07  0.8241E-07  0.1979E-05
0.3277E+01  0.1031E-06  0.5322E-08  0.4420E-08  0.7964E-08  0.1661E-07  0.3613E-07  0.5654E-07
0.3605E+01  0.9249E-08  0.2859E-08  0.3296E-08  0.5711E-08  0.1040E-07  0.1407E-07  0.3270E-11
0.3966E+01  0.2653E-08  0.1929E-08  0.2089E-08  0.3289E-08  0.5078E-08  0.5101E-08  0.2875E-12
0.4362E+01  0.4569E-09  0.1142E-08  0.1145E-08  0.1756E-08  0.2126E-08  0.1702E-08  0.5222E-14
0.4799E+01  0.4007E-10  0.5758E-09  0.6100E-09  0.1017E-08  0.1060E-08  0.5319E-09  0.0000E+00
0.5278E+01  0.1048E-11  0.2400E-09  0.2719E-09  0.4956E-09  0.4672E-09  0.1335E-09  0.0000E+00
0.5806E+01  0.2536E-13  0.8036E-10  0.9069E-10  0.1964E-09  0.1753E-09  0.1992E-10  0.0000E+00
0.6387E+01  0.6804E-14  0.1966E-10  0.1999E-10  0.5234E-10  0.5358E-10  0.2256E-11  0.0000E+00
0.7026E+01  0.2952E-14  0.6673E-11  0.6775E-11  0.1774E-10  0.2469E-10  0.2615E-12  0.0000E+00
