    0.0   1.
 1800.0   1.015514135
 3600.0   1.034344792
 5400.0   1.052490711
 7200.0   1.064525962
 9000.0   1.074040651
10800.0   1.08591032
12600.0   1.10055542
14400.0   1.118693113
16200.0   1.138012886
18000.0   1.155176044
19800.0   1.171496749
21600.0   1.18877387
23400.0   1.206291199
25200.0   1.222961187
27000.0   1.239330292
28800.0   1.256217837
30600.0   1.274016142
32400.0   1.297590137
34200.0   1.32771337
36000.0   1.36217761
37800.0   1.40607512
39600.0   1.459415317
41400.0   1.516654253
43200.0   1.571933508
45000.0   1.62293613
46800.0   1.667380214
48600.0   1.699808598
50400.0   1.715457201
52200.0   1.715397954
54000.0   1.704818964
55800.0   1.688289285
57600.0   1.668227434
59400.0   1.643885016
61200.0   1.615018964
63000.0   1.584626794
64800.0   1.556901217
66600.0   1.531667709
68400.0   1.508313417
70200.0   1.485680938
72000.0   1.462159634
73800.0   1.43821609
75600.0   1.414527893
77400.0   1.390873909
79200.0   1.366968989
81000.0   1.342960238
82800.0   1.319026113
84600.0   1.29535377
86400.0   1.272178054
