 Number of un-mobilised particles in polygon areas
 Time, Area 1, Area 2, Area 3, Area 4
   0.0000000000000000               45          82          73         500
  0.10000000000000001               45          82          73           0
  0.20000000000000001               45          82          73           0
  0.29999999999999999               45          82          73           0
  0.40000000000000002               45          82          73           0
  0.50000000000000000               45          82          73           0
  0.59999999999999998               45          82          73           0
  0.70000000000000007               45          82          73           0
  0.80000000000000004               45          82          73           0
  0.90000000000000002               45          82          73           0
   1.0000000000000000               45          82          73           0
   1.1000000000000001               45          82          73           0
   1.2000000000000000               45          82          73           0
   1.3000000000000000               45          82          73           0
   1.4000000000000001               45          82          73           0
   1.5000000000000000               45          82          73           0
   1.6000000000000001               45          82          73           0
   1.7000000000000000               45          82          73           0
   1.8000000000000000               45          82          73           0
   1.9000000000000001               45          82          73           0
   2.0000000000000000               45          82          73           0
   2.1000000000000001               45          82          73           0
   2.2000000000000002               45          82          73           0
   2.3000000000000003               45          82          73           0
   2.3999999999999999               45          82          73           0
   2.5000000000000000               45          82          73           0
   2.6000000000000001               45          82          73           0
   2.7000000000000002               45          82          73           0
   2.8000000000000003               45          82          73           0
   2.8999999999999999               45          82          73           0
   3.0000000000000000               45          82          73           0
   3.1000000000000001               45          82          73           0
   3.2000000000000002               45          82          73           0
   3.3000000000000003               45          82          73           0
   3.3999999999999999               45          82          73           0
   3.5000000000000000               45          82          73           0
   3.6000000000000001               45          82          73           0
   3.7000000000000002               45          82          73           0
   3.8000000000000003               45          82          73           0
   3.8999999999999999               45          82          73           0
   4.0000000000000000               45          82          73           0
   4.0999999999999996               45          82          73           0
   4.2000000000000002               45          82          73           0
   4.2999999999999998               45          82          73           0
   4.4000000000000004               45          82          73           0
   4.5000000000000000               45          82          73           0
   4.6000000000000005               45          82          73           0
   4.7000000000000002               45          82          73           0
   4.7999999999999998               45          82          73           0
   4.9000000000000004               45          82          73           0
   5.0000000000000000                2          81          73           0
   5.1000000000000005                2          81          73           0
   5.2000000000000002                2          81          73           0
   5.2999999999999998                2          81          73           0
   5.4000000000000004                2          81          73           0
   5.5000000000000000                2          81          73           0
   5.6000000000000005                2          81          73           0
   5.7000000000000002                2          81          73           0
   5.7999999999999998                2          81          73           0
   5.9000000000000004                2          81          73           0
   6.0000000000000000                2          81          73           0
   6.1000000000000005                2          81          73           0
   6.2000000000000002                2          81          73           0
   6.2999999999999998                2          81          73           0
   6.4000000000000004                2          81          73           0
   6.5000000000000000                2          81          73           0
   6.6000000000000005                2          81          73           0
   6.7000000000000002                2          81          73           0
   6.7999999999999998                2          81          73           0
   6.9000000000000004                2          81          73           0
   7.0000000000000000                2          81          73           0
   7.1000000000000005                2          81          73           0
   7.2000000000000002                2          81          73           0
   7.2999999999999998                2          81          73           0
   7.4000000000000004                2          81          73           0
   7.5000000000000000                2          81          73           0
   7.6000000000000005                2          81          73           0
   7.7000000000000002                2          81          73           0
   7.7999999999999998                2          81          73           0
   7.9000000000000004                2          81          73           0
   8.0000000000000000                2          81          73           0
   8.0999999999999996                2          81          73           0
   8.1999999999999993                2          81          73           0
   8.3000000000000007                2          81          73           0
   8.4000000000000004                2          81          73           0
   8.5000000000000000                2          81          73           0
   8.5999999999999996                2          81          73           0
   8.7000000000000011                2          81          73           0
   8.8000000000000007                2          81          73           0
   8.9000000000000004                2          81          73           0
   9.0000000000000000                2          81          73           0
   9.0999999999999996                2          81          73           0
   9.2000000000000011                2          81          73           0
   9.3000000000000007                2          81          73           0
   9.4000000000000004                2          81          73           0
   9.5000000000000000                2          81          73           0
   9.5999999999999996                2          81          73           0
   9.7000000000000011                2          81          73           0
   9.8000000000000007                2          81          73           0
   9.9000000000000004                2          81          73           0
   10.000000000000000                0           0          73           0
   10.100000000000000                0           0          73           0
   10.200000000000001                0           0          73           0
   10.300000000000001                0           0          73           0
   10.400000000000000                0           0          73           0
   10.500000000000000                0           0          73           0
   10.600000000000000                0           0          73           0
   10.700000000000001                0           0          73           0
   10.800000000000001                0           0          73           0
   10.900000000000000                0           0          73           0
   11.000000000000000                0           0          73           0
   11.100000000000000                0           0          73           0
   11.200000000000001                0           0          73           0
   11.300000000000001                0           0          73           0
   11.400000000000000                0           0          73           0
   11.500000000000000                0           0          73           0
   11.600000000000000                0           0          73           0
   11.700000000000001                0           0          73           0
   11.800000000000001                0           0          73           0
   11.900000000000000                0           0          73           0
   12.000000000000000                0           0          73           0
   12.100000000000000                0           0          73           0
   12.200000000000001                0           0          73           0
   12.300000000000001                0           0          73           0
   12.400000000000000                0           0          73           0
   12.500000000000000                0           0          73           0
   12.600000000000000                0           0          73           0
   12.700000000000001                0           0          73           0
   12.800000000000001                0           0          73           0
   12.900000000000000                0           0          73           0
   13.000000000000000                0           0          73           0
   13.100000000000000                0           0          73           0
   13.200000000000001                0           0          73           0
   13.300000000000001                0           0          73           0
   13.400000000000000                0           0          73           0
   13.500000000000000                0           0          73           0
   13.600000000000000                0           0          73           0
   13.700000000000001                0           0          73           0
   13.800000000000001                0           0          73           0
   13.900000000000000                0           0          73           0
   14.000000000000000                0           0          73           0
   14.100000000000000                0           0          73           0
   14.200000000000001                0           0          73           0
   14.300000000000001                0           0          73           0
   14.400000000000000                0           0          73           0
   14.500000000000000                0           0          73           0
   14.600000000000000                0           0          73           0
   14.700000000000001                0           0          73           0
   14.800000000000001                0           0          73           0
   14.900000000000000                0           0          73           0
   15.000000000000000                0           0          73           0
   15.100000000000000                0           0           0           0
   15.200000000000001                0           0           0           0
   15.300000000000001                0           0           0           0
   15.400000000000000                0           0           0           0
   15.500000000000000                0           0           0           0
   15.600000000000000                0           0           0           0
   15.700000000000001                0           0           0           0
   15.800000000000001                0           0           0           0
   15.900000000000000                0           0           0           0
   16.000000000000000                0           0           0           0
   16.100000000000001                0           0           0           0
   16.199999999999999                0           0           0           0
   16.300000000000001                0           0           0           0
   16.399999999999999                0           0           0           0
   16.500000000000000                0           0           0           0
   16.600000000000001                0           0           0           0
   16.699999999999999                0           0           0           0
   16.800000000000001                0           0           0           0
   16.899999999999999                0           0           0           0
   17.000000000000000                0           0           0           0
   17.100000000000001                0           0           0           0
   17.199999999999999                0           0           0           0
   17.300000000000001                0           0           0           0
   17.400000000000002                0           0           0           0
   17.500000000000000                0           0           0           0
   17.600000000000001                0           0           0           0
   17.699999999999999                0           0           0           0
   17.800000000000001                0           0           0           0
   17.900000000000002                0           0           0           0
   18.000000000000000                0           0           0           0
   18.100000000000001                0           0           0           0
   18.199999999999999                0           0           0           0
   18.300000000000001                0           0           0           0
   18.400000000000002                0           0           0           0
   18.500000000000000                0           0           0           0
   18.600000000000001                0           0           0           0
   18.699999999999999                0           0           0           0
   18.800000000000001                0           0           0           0
   18.900000000000002                0           0           0           0
   19.000000000000000                0           0           0           0
   19.100000000000001                0           0           0           0
   19.199999999999999                0           0           0           0
   19.300000000000001                0           0           0           0
   19.400000000000002                0           0           0           0
   19.500000000000000                0           0           0           0
   19.600000000000001                0           0           0           0
   19.699999999999999                0           0           0           0
   19.800000000000001                0           0           0           0
   19.900000000000002                0           0           0           0
   20.000000000000000                0           0           0           0
   20.100000000000001                0           0           0           0
   20.199999999999999                0           0           0           0
   20.300000000000001                0           0           0           0
   20.400000000000002                0           0           0           0
   20.500000000000000                0           0           0           0
   20.600000000000001                0           0           0           0
   20.699999999999999                0           0           0           0
   20.800000000000001                0           0           0           0
   20.900000000000002                0           0           0           0
   21.000000000000000                0           0           0           0
   21.100000000000001                0           0           0           0
   21.199999999999999                0           0           0           0
   21.300000000000001                0           0           0           0
   21.400000000000002                0           0           0           0
   21.500000000000000                0           0           0           0
   21.600000000000001                0           0           0           0
   21.699999999999999                0           0           0           0
   21.800000000000001                0           0           0           0
   21.900000000000002                0           0           0           0
   22.000000000000000                0           0           0           0
   22.100000000000001                0           0           0           0
   22.199999999999999                0           0           0           0
   22.300000000000001                0           0           0           0
   22.400000000000002                0           0           0           0
   22.500000000000000                0           0           0           0
   22.600000000000001                0           0           0           0
   22.699999999999999                0           0           0           0
   22.800000000000001                0           0           0           0
   22.900000000000002                0           0           0           0
   23.000000000000000                0           0           0           0
   23.100000000000001                0           0           0           0
   23.199999999999999                0           0           0           0
   23.300000000000001                0           0           0           0
   23.400000000000002                0           0           0           0
   23.500000000000000                0           0           0           0
   23.600000000000001                0           0           0           0
   23.699999999999999                0           0           0           0
   23.800000000000001                0           0           0           0
   23.900000000000002                0           0           0           0
   24.000000000000000                0           0           0           0
   24.100000000000001                0           0           0           0
   24.199999999999999                0           0           0           0
   24.300000000000001                0           0           0           0
   24.400000000000002                0           0           0           0
   24.500000000000000                0           0           0           0
   24.600000000000001                0           0           0           0
   24.699999999999999                0           0           0           0
   24.800000000000001                0           0           0           0
   24.900000000000002                0           0           0           0
   25.000000000000000                0           0           0           0
   25.100000000000001                0           0           0           0
   25.199999999999999                0           0           0           0
   25.300000000000001                0           0           0           0
   25.400000000000002                0           0           0           0
   25.500000000000000                0           0           0           0
   25.600000000000001                0           0           0           0
   25.699999999999999                0           0           0           0
   25.800000000000001                0           0           0           0
   25.900000000000002                0           0           0           0
   26.000000000000000                0           0           0           0
   26.100000000000001                0           0           0           0
   26.199999999999999                0           0           0           0
   26.300000000000001                0           0           0           0
   26.400000000000002                0           0           0           0
   26.500000000000000                0           0           0           0
   26.600000000000001                0           0           0           0
   26.699999999999999                0           0           0           0
   26.800000000000001                0           0           0           0
   26.900000000000002                0           0           0           0
   27.000000000000000                0           0           0           0
   27.100000000000001                0           0           0           0
   27.199999999999999                0           0           0           0
   27.300000000000001                0           0           0           0
   27.400000000000002                0           0           0           0
   27.500000000000000                0           0           0           0
   27.600000000000001                0           0           0           0
   27.699999999999999                0           0           0           0
   27.800000000000001                0           0           0           0
   27.900000000000002                0           0           0           0
   28.000000000000000                0           0           0           0
   28.100000000000001                0           0           0           0
   28.199999999999999                0           0           0           0
   28.300000000000001                0           0           0           0
   28.400000000000002                0           0           0           0
   28.500000000000000                0           0           0           0
   28.600000000000001                0           0           0           0
   28.699999999999999                0           0           0           0
   28.800000000000001                0           0           0           0
   28.900000000000002                0           0           0           0
   29.000000000000000                0           0           0           0
   29.100000000000001                0           0           0           0
   29.199999999999999                0           0           0           0
   29.300000000000001                0           0           0           0
   29.400000000000002                0           0           0           0
   29.500000000000000                0           0           0           0
   29.600000000000001                0           0           0           0
   29.699999999999999                0           0           0           0
   29.800000000000001                0           0           0           0
   29.900000000000002                0           0           0           0
   30.000000000000000                0           0           0           0