# Meteo File
#
T TAIR CLDC TDEW VISBI SNOW PLUIE WINDS
s degC octa degree km mm/h mm/h m/s
0.0,1.4,0.0,0.0,10.0,0.0,0.0,0.0
360.0,1.5,0.0,0.0,10.0,0.0,0.0,0.0
720.0,1.5,0.0,0.0,10.0,0.0,0.0,0.0
1080.0,1.5,0.0,0.0,10.0,0.0,0.0,0.0
1440.0,1.5,0.0,0.0,10.0,0.0,0.0,0.0
1800.0,1.4,0.0,0.0,10.0,0.0,0.0,0.0
2160.0,1.4,0.0,0.0,10.0,0.0,0.0,0.0
2520.0,1.4,0.0,0.0,10.0,0.0,0.0,0.0
2880.0,1.4,0.0,0.0,10.0,0.0,0.0,0.0
3240.0,1.4,0.0,0.0,10.0,0.0,0.0,0.0
3600.0,1.4,0.0,0.0,10.0,0.0,0.0,0.0
3960.0,1.4,0.0,0.0,10.0,0.0,0.0,0.0
4320.0,1.4,0.0,0.0,10.0,0.0,0.0,0.0
4680.0,1.4,0.0,0.0,10.0,0.0,0.0,0.0
5040.0,1.4,0.0,0.0,10.0,0.0,0.0,0.0
5400.0,1.3,0.0,0.0,10.0,0.0,0.0,0.0
5760.0,1.3,0.0,0.0,10.0,0.0,0.0,0.0
6120.0,1.3,0.0,0.0,10.0,0.0,0.0,0.0
6480.0,1.3,0.0,0.0,10.0,0.0,0.0,0.0
6840.0,1.3,0.0,0.0,10.0,0.0,0.0,0.0
7200.0,1.3,0.0,0.0,10.0,0.0,0.0,0.0
7560.0,1.3,0.0,0.0,10.0,0.0,0.0,0.0
7920.0,1.3,0.0,0.0,10.0,0.0,0.0,0.0
8280.0,1.3,0.0,0.0,10.0,0.0,0.0,0.0
8640.0,1.3,0.0,0.0,10.0,0.0,0.0,0.0
9000.0,1.3,0.0,0.0,10.0,0.0,0.0,0.0
9360.0,1.2,0.0,0.0,10.0,0.0,0.0,0.0
9720.0,1.2,0.0,0.0,10.0,0.0,0.0,0.0
10080.0,1.2,0.0,0.0,10.0,0.0,0.0,0.0
10440.0,1.3,0.0,0.0,10.0,0.0,0.0,0.0
10800.0,1.3,0.0,0.0,10.0,0.0,0.0,0.0
11160.0,1.3,0.0,0.0,10.0,0.0,0.0,0.0
11520.0,1.2,0.0,0.0,10.0,0.0,0.0,0.0
11880.0,1.2,0.0,0.0,10.0,0.0,0.0,0.0
12240.0,1.2,0.0,0.0,10.0,0.0,0.0,0.0
12600.0,1.2,0.0,0.0,10.0,0.0,0.0,0.0
12960.0,1.1,0.0,0.0,10.0,0.0,0.0,0.0
13320.0,1.1,0.0,0.0,10.0,0.0,0.0,0.0
13680.0,1.2,0.0,0.0,10.0,0.0,0.0,0.0
14040.0,1.1,0.0,0.0,10.0,0.0,0.0,0.0
14400.0,1.1,0.0,0.0,10.0,0.0,0.0,0.0
14760.0,1.1,0.0,0.0,10.0,0.0,0.0,0.0
15120.0,1.1,0.0,0.0,10.0,0.0,0.0,0.0
15480.0,1.1,0.0,0.0,10.0,0.0,0.0,0.0
15840.0,1.1,0.0,0.0,10.0,0.0,0.0,0.0
16200.0,1.1,0.0,0.0,10.0,0.0,0.0,0.0
16560.0,1.1,0.0,0.0,10.0,0.0,0.0,0.0
16920.0,1.0,0.0,0.0,10.0,0.0,0.0,0.0
17280.0,1.0,0.0,0.0,10.0,0.0,0.0,0.0
17640.0,1.0,0.0,0.0,10.0,0.0,0.0,0.0
18000.0,1.0,0.0,0.0,10.0,0.0,0.0,0.0
18360.0,1.0,0.0,0.0,10.0,0.0,0.0,0.0
18720.0,0.9,0.0,0.0,10.0,0.0,0.0,0.0
19080.0,0.9,0.0,0.0,10.0,0.0,0.0,0.0
19440.0,0.9,0.0,0.0,10.0,0.0,0.0,0.0
19800.0,0.9,0.0,0.0,10.0,0.0,0.0,0.0
20160.0,0.9,0.0,0.0,10.0,0.0,0.0,0.0
20520.0,0.8,0.0,0.0,10.0,0.0,0.0,0.0
20880.0,0.8,0.0,0.0,10.0,0.0,0.0,0.0
21240.0,0.8,0.0,0.0,10.0,0.0,0.0,0.0
21600.0,0.7,0.0,0.0,10.0,0.0,0.0,0.0
21960.0,0.8,0.0,0.0,10.0,0.0,0.0,0.0
22320.0,0.8,0.0,0.0,10.0,0.0,0.0,0.0
22680.0,0.8,0.0,0.0,10.0,0.0,0.0,0.0
23040.0,0.9,0.0,0.0,10.0,0.0,0.0,0.0
23400.0,0.9,0.0,0.0,10.0,0.0,0.0,0.0
23760.0,0.9,0.0,0.0,10.0,0.0,0.0,0.0
24120.0,0.9,0.0,0.0,10.0,0.0,0.0,0.0
24480.0,0.8,0.0,0.0,10.0,0.0,0.0,0.0
24840.0,0.9,0.0,0.0,10.0,0.0,0.0,0.0
25200.0,0.9,0.0,0.0,10.0,0.0,0.0,0.0
25560.0,0.8,0.0,0.0,10.0,0.0,0.0,0.0
25920.0,0.9,0.0,0.0,10.0,0.0,0.0,0.0
26280.0,0.9,0.0,0.0,10.0,0.0,0.0,0.0
26640.0,0.9,0.0,0.0,10.0,0.0,0.0,0.0
27000.0,0.8,0.0,0.0,10.0,0.0,0.0,0.0
27360.0,0.7,0.0,0.0,10.0,0.0,0.0,0.0
27720.0,0.1,0.0,0.0,10.0,0.0,0.0,0.0
28080.0,-0.1,0.0,0.0,10.0,0.0,0.0,0.0
28440.0,0.1,0.0,0.0,10.0,0.0,0.0,0.0
28800.0,0.3,0.0,0.0,10.0,0.0,0.0,0.0
29160.0,0.3,0.0,0.0,10.0,0.0,0.0,0.0
29520.0,0.3,0.0,0.0,10.0,0.0,0.0,0.0
29880.0,0.3,0.0,0.0,10.0,0.0,0.0,0.0
30240.0,-0.1,0.0,0.0,10.0,0.0,0.0,0.0
30600.0,-0.3,0.0,0.0,10.0,0.0,0.0,0.0
30960.0,-0.5,0.0,0.0,10.0,0.0,0.0,0.0
31320.0,-0.5,0.0,0.0,10.0,0.0,0.0,0.0
31680.0,-0.6,0.0,0.0,10.0,0.0,0.0,0.0
32040.0,-0.9,0.0,0.0,10.0,0.0,0.0,0.0
32400.0,-0.9,0.0,0.0,10.0,0.0,0.0,0.0
32760.0,-1.1,0.0,0.0,10.0,0.0,0.0,0.0
33120.0,-1.3,0.0,0.0,10.0,0.0,0.0,0.0
33480.0,-1.3,0.0,0.0,10.0,0.0,0.0,0.0
33840.0,-1.4,0.0,0.0,10.0,0.0,0.0,0.0
34200.0,-1.4,0.0,0.0,10.0,0.0,0.0,0.0
34560.0,-1.4,0.0,0.0,10.0,0.0,0.0,0.0
34920.0,-1.4,0.0,0.0,10.0,0.0,0.0,0.0
35280.0,-1.5,0.0,0.0,10.0,0.0,0.0,0.0
35640.0,-1.6,0.0,0.0,10.0,0.0,0.0,0.0
36000.0,-1.5,0.0,0.0,10.0,0.0,0.0,0.0
36360.0,-1.4,0.0,0.0,10.0,0.0,0.0,0.0
36720.0,-1.5,0.0,0.0,10.0,0.0,0.0,0.0
37080.0,-1.5,0.0,0.0,10.0,0.0,0.0,0.0
37440.0,-1.6,0.0,0.0,10.0,0.0,0.0,0.0
37800.0,-1.6,0.0,0.0,10.0,0.0,0.0,0.0
38160.0,-1.6,0.0,0.0,10.0,0.0,0.0,0.0
38520.0,-1.8,0.0,0.0,10.0,0.0,0.0,0.0
38880.0,-2.1,0.0,0.0,10.0,0.0,0.0,0.0
39240.0,-2.0,0.0,0.0,10.0,0.0,0.0,0.0
39600.0,-2.0,0.0,0.0,10.0,0.0,0.0,0.0
39960.0,-2.0,0.0,0.0,10.0,0.0,0.0,0.0
40320.0,-2.0,0.0,0.0,10.0,0.0,0.0,0.0
40680.0,-2.0,0.0,0.0,10.0,0.0,0.0,0.0
41040.0,-1.9,0.0,0.0,10.0,0.0,0.0,0.0
41400.0,-2.1,0.0,0.0,10.0,0.0,0.0,0.0
41760.0,-2.1,0.0,0.0,10.0,0.0,0.0,0.0
42120.0,-2.1,0.0,0.0,10.0,0.0,0.0,0.0
42480.0,-2.2,0.0,0.0,10.0,0.0,0.0,0.0
42840.0,-2.2,0.0,0.0,10.0,0.0,0.0,0.0
43200.0,-2.2,0.0,0.0,10.0,0.0,0.0,0.0
43560.0,-2.1,0.0,0.0,10.0,0.0,0.0,0.0
43920.0,-2.3,0.0,0.0,10.0,0.0,0.0,0.0
44280.0,-2.6,0.0,0.0,10.0,0.0,0.0,0.0
44640.0,-2.7,0.0,0.0,10.0,0.0,0.0,0.0
45000.0,-2.6,0.0,0.0,10.0,0.0,0.0,0.0
45360.0,-2.7,0.0,0.0,10.0,0.0,0.0,0.0
45720.0,-2.8,0.0,0.0,10.0,0.0,0.0,0.0
46080.0,-2.6,0.0,0.0,10.0,0.0,0.0,0.0
46440.0,-2.9,0.0,0.0,10.0,0.0,0.0,0.0
46800.0,-2.9,0.0,0.0,10.0,0.0,0.0,0.0
47160.0,-3.0,0.0,0.0,10.0,0.0,0.0,0.0
47520.0,-3.1,0.0,0.0,10.0,0.0,0.0,0.0
47880.0,-3.1,0.0,0.0,10.0,0.0,0.0,0.0
48240.0,-3.0,0.0,0.0,10.0,0.0,0.0,0.0
48600.0,-3.1,0.0,0.0,10.0,0.0,0.0,0.0
48960.0,-2.9,0.0,0.0,10.0,0.0,0.0,0.0
49320.0,-2.8,0.0,0.0,10.0,0.0,0.0,0.0
49680.0,-3.0,0.0,0.0,10.0,0.0,0.0,0.0
50040.0,-3.0,0.0,0.0,10.0,0.0,0.0,0.0
50400.0,-2.9,0.0,0.0,10.0,0.0,0.0,0.0
50760.0,-3.0,0.0,0.0,10.0,0.0,0.0,0.0
51120.0,-2.9,0.0,0.0,10.0,0.0,0.0,0.0
51480.0,-2.7,0.0,0.0,10.0,0.0,0.0,0.0
51840.0,-3.0,0.0,0.0,10.0,0.0,0.0,0.0
52200.0,-2.9,0.0,0.0,10.0,0.0,0.0,0.0
52560.0,-3.0,0.0,0.0,10.0,0.0,0.0,0.0
52920.0,-3.0,0.0,0.0,10.0,0.0,0.0,0.0
53280.0,-3.0,0.0,0.0,10.0,0.0,0.0,0.0
53640.0,-3.0,0.0,0.0,10.0,0.0,0.0,0.0
54000.0,-3.0,0.0,0.0,10.0,0.0,0.0,0.0
54360.0,-2.7,0.0,0.0,10.0,0.0,0.0,0.0
54720.0,-2.7,0.0,0.0,10.0,0.0,0.0,0.0
55080.0,-2.8,0.0,0.0,10.0,0.0,0.0,0.0
55440.0,-3.0,0.0,0.0,10.0,0.0,0.0,0.0
55800.0,-2.8,0.0,0.0,10.0,0.0,0.0,0.0
56160.0,-2.9,0.0,0.0,10.0,0.0,0.0,0.0
56520.0,-2.9,0.0,0.0,10.0,0.0,0.0,0.0
56880.0,-3.0,0.0,0.0,10.0,0.0,0.0,0.0
57240.0,-3.1,0.0,0.0,10.0,0.0,0.0,0.0
57600.0,-3.3,0.0,0.0,10.0,0.0,0.0,0.0
57960.0,-3.2,0.0,0.0,10.0,0.0,0.0,0.0
58320.0,-3.6,0.0,0.0,10.0,0.0,0.0,0.0
58680.0,-3.8,0.0,0.0,10.0,0.0,0.0,0.0
59040.0,-4.0,0.0,0.0,10.0,0.0,0.0,0.0
59400.0,-4.1,0.0,0.0,10.0,0.0,0.0,0.0
59760.0,-4.4,0.0,0.0,10.0,0.0,0.0,0.0
60120.0,-4.5,0.0,0.0,10.0,0.0,0.0,0.0
60480.0,-4.7,0.0,0.0,10.0,0.0,0.0,0.0
60840.0,-4.9,0.0,0.0,10.0,0.0,0.0,0.0
61200.0,-5.0,0.0,0.0,10.0,0.0,0.0,0.0
61560.0,-5.1,0.0,0.0,10.0,0.0,0.0,0.0
61920.0,-5.2,0.0,0.0,10.0,0.0,0.0,0.0
63000.0,-5.5,0.0,0.0,10.0,0.0,0.0,0.0
63360.0,-5.7,0.0,0.0,10.0,0.0,0.0,0.0
63720.0,-5.6,0.0,0.0,10.0,0.0,0.0,0.0
64080.0,-5.7,0.0,0.0,10.0,0.0,0.0,0.0
64440.0,-5.8,0.0,0.0,10.0,0.0,0.0,0.0
64800.0,-5.9,0.0,0.0,10.0,0.0,0.0,0.0
65160.0,-6.0,0.0,0.0,10.0,0.0,0.0,0.0
65520.0,-6.3,0.0,0.0,10.0,0.0,0.0,0.0
65880.0,-6.3,0.0,0.0,10.0,0.0,0.0,0.0
66240.0,-6.3,0.0,0.0,10.0,0.0,0.0,0.0
66600.0,-6.3,0.0,0.0,10.0,0.0,0.0,0.0
66960.0,-6.6,0.0,0.0,10.0,0.0,0.0,0.0
67320.0,-7.0,0.0,0.0,10.0,0.0,0.0,0.0
67680.0,-6.7,0.0,0.0,10.0,0.0,0.0,0.0
68040.0,-6.7,0.0,0.0,10.0,0.0,0.0,0.0
68400.0,-6.7,0.0,0.0,10.0,0.0,0.0,0.0
68760.0,-7.1,0.0,0.0,10.0,0.0,0.0,0.0
69120.0,-7.1,0.0,0.0,10.0,0.0,0.0,0.0
69480.0,-7.3,0.0,0.0,10.0,0.0,0.0,0.0
69840.0,-7.4,0.0,0.0,10.0,0.0,0.0,0.0
70200.0,-7.4,0.0,0.0,10.0,0.0,0.0,0.0
70560.0,-7.4,0.0,0.0,10.0,0.0,0.0,0.0
70920.0,-7.2,0.0,0.0,10.0,0.0,0.0,0.0
71280.0,-7.9,0.0,0.0,10.0,0.0,0.0,0.0
71640.0,-7.7,0.0,0.0,10.0,0.0,0.0,0.0
72000.0,-8.0,0.0,0.0,10.0,0.0,0.0,0.0
72360.0,-7.9,0.0,0.0,10.0,0.0,0.0,0.0
72720.0,-8.0,0.0,0.0,10.0,0.0,0.0,0.0
73080.0,-7.8,0.0,0.0,10.0,0.0,0.0,0.0
73440.0,-8.2,0.0,0.0,10.0,0.0,0.0,0.0
73800.0,-8.2,0.0,0.0,10.0,0.0,0.0,0.0
74160.0,-8.1,0.0,0.0,10.0,0.0,0.0,0.0
74520.0,-8.4,0.0,0.0,10.0,0.0,0.0,0.0
74880.0,-8.4,0.0,0.0,10.0,0.0,0.0,0.0
75240.0,-8.4,0.0,0.0,10.0,0.0,0.0,0.0
75600.0,-8.6,0.0,0.0,10.0,0.0,0.0,0.0
75960.0,-8.1,0.0,0.0,10.0,0.0,0.0,0.0
76320.0,-8.8,0.0,0.0,10.0,0.0,0.0,0.0
76680.0,-8.9,0.0,0.0,10.0,0.0,0.0,0.0
77040.0,-9.1,0.0,0.0,10.0,0.0,0.0,0.0
77400.0,-8.8,0.0,0.0,10.0,0.0,0.0,0.0
77760.0,-9.3,0.0,0.0,10.0,0.0,0.0,0.0
78120.0,-9.0,0.0,0.0,10.0,0.0,0.0,0.0
78480.0,-9.2,0.0,0.0,10.0,0.0,0.0,0.0
78840.0,-9.1,0.0,0.0,10.0,0.0,0.0,0.0
79200.0,-9.4,0.0,0.0,10.0,0.0,0.0,0.0
79560.0,-9.6,0.0,0.0,10.0,0.0,0.0,0.0
79920.0,-9.6,0.0,0.0,10.0,0.0,0.0,0.0
80280.0,-9.8,0.0,0.0,10.0,0.0,0.0,0.0
80640.0,-9.7,0.0,0.0,10.0,0.0,0.0,0.0
81000.0,-9.9,0.0,0.0,10.0,0.0,0.0,0.0
81360.0,-9.5,0.0,0.0,10.0,0.0,0.0,0.0
81720.0,-9.6,0.0,0.0,10.0,0.0,0.0,0.0
82080.0,-10.0,0.0,0.0,10.0,0.0,0.0,0.0
82440.0,-9.9,0.0,0.0,10.0,0.0,0.0,0.0
82800.0,-9.9,0.0,0.0,10.0,0.0,0.0,0.0
83160.0,-10.1,0.0,0.0,10.0,0.0,0.0,0.0
83520.0,-10.3,0.0,0.0,10.0,0.0,0.0,0.0
83880.0,-10.3,0.0,0.0,10.0,0.0,0.0,0.0
84240.0,-10.5,0.0,0.0,10.0,0.0,0.0,0.0
84600.0,-10.5,0.0,0.0,10.0,0.0,0.0,0.0
84960.0,-10.8,0.0,0.0,10.0,0.0,0.0,0.0
85320.0,-10.5,0.0,0.0,10.0,0.0,0.0,0.0
85680.0,-10.8,0.0,0.0,10.0,0.0,0.0,0.0
86040.0,-10.9,0.0,0.0,10.0,0.0,0.0,0.0
86400.0,-11.1,0.0,0.0,10.0,0.0,0.0,0.0
86760.0,-11.1,0.0,0.0,10.0,0.0,0.0,0.0
87120.0,-11.2,0.0,0.0,10.0,0.0,0.0,0.0
87480.0,-11.2,0.0,0.0,10.0,0.0,0.0,0.0
87840.0,-11.4,0.0,0.0,10.0,0.0,0.0,0.0
88200.0,-11.4,0.0,0.0,10.0,0.0,0.0,0.0
88560.0,-11.4,0.0,0.0,10.0,0.0,0.0,0.0
88920.0,-11.4,0.0,0.0,10.0,0.0,0.0,0.0
89280.0,-11.6,0.0,0.0,10.0,0.0,0.0,0.0
89640.0,-11.5,0.0,0.0,10.0,0.0,0.0,0.0
90000.0,-11.7,0.0,0.0,10.0,0.0,0.0,0.0
90360.0,-11.7,0.0,0.0,10.0,0.0,0.0,0.0
90720.0,-11.6,0.0,0.0,10.0,0.0,0.0,0.0
91080.0,-11.7,0.0,0.0,10.0,0.0,0.0,0.0
91440.0,-11.9,0.0,0.0,10.0,0.0,0.0,0.0
91800.0,-11.8,0.0,0.0,10.0,0.0,0.0,0.0
92160.0,-11.8,0.0,0.0,10.0,0.0,0.0,0.0
92520.0,-12.0,0.0,0.0,10.0,0.0,0.0,0.0
92880.0,-11.9,0.0,0.0,10.0,0.0,0.0,0.0
93240.0,-12.2,0.0,0.0,10.0,0.0,0.0,0.0
93600.0,-12.1,0.0,0.0,10.0,0.0,0.0,0.0
93960.0,-12.3,0.0,0.0,10.0,0.0,0.0,0.0
94320.0,-12.3,0.0,0.0,10.0,0.0,0.0,0.0
94680.0,-12.3,0.0,0.0,10.0,0.0,0.0,0.0
95040.0,-12.2,0.0,0.0,10.0,0.0,0.0,0.0
95400.0,-12.5,0.0,0.0,10.0,0.0,0.0,0.0
95760.0,-12.6,0.0,0.0,10.0,0.0,0.0,0.0
96120.0,-12.8,0.0,0.0,10.0,0.0,0.0,0.0
96480.0,-12.7,0.0,0.0,10.0,0.0,0.0,0.0
96840.0,-12.9,0.0,0.0,10.0,0.0,0.0,0.0
97200.0,-13.0,0.0,0.0,10.0,0.0,0.0,0.0
97560.0,-13.0,0.0,0.0,10.0,0.0,0.0,0.0
97920.0,-13.1,0.0,0.0,10.0,0.0,0.0,0.0
98280.0,-12.8,0.0,0.0,10.0,0.0,0.0,0.0
98640.0,-13.0,0.0,0.0,10.0,0.0,0.0,0.0
99000.0,-13.3,0.0,0.0,10.0,0.0,0.0,0.0
99360.0,-13.2,0.0,0.0,10.0,0.0,0.0,0.0
99720.0,-13.1,0.0,0.0,10.0,0.0,0.0,0.0
100080.0,-13.4,0.0,0.0,10.0,0.0,0.0,0.0
100440.0,-13.2,0.0,0.0,10.0,0.0,0.0,0.0
100800.0,-13.0,0.0,0.0,10.0,0.0,0.0,0.0
101160.0,-13.2,0.0,0.0,10.0,0.0,0.0,0.0
101520.0,-13.4,0.0,0.0,10.0,0.0,0.0,0.0
101880.0,-13.2,0.0,0.0,10.0,0.0,0.0,0.0
102240.0,-13.4,0.0,0.0,10.0,0.0,0.0,0.0
102600.0,-13.2,0.0,0.0,10.0,0.0,0.0,0.0
102960.0,-13.2,0.0,0.0,10.0,0.0,0.0,0.0
103320.0,-13.3,0.0,0.0,10.0,0.0,0.0,0.0
103680.0,-13.5,0.0,0.0,10.0,0.0,0.0,0.0
104040.0,-13.5,0.0,0.0,10.0,0.0,0.0,0.0
104400.0,-13.4,0.0,0.0,10.0,0.0,0.0,0.0
104760.0,-13.2,0.0,0.0,10.0,0.0,0.0,0.0
105120.0,-13.5,0.0,0.0,10.0,0.0,0.0,0.0
105480.0,-13.5,0.0,0.0,10.0,0.0,0.0,0.0
105840.0,-13.4,0.0,0.0,10.0,0.0,0.0,0.0
106200.0,-13.6,0.0,0.0,10.0,0.0,0.0,0.0
106560.0,-13.4,0.0,0.0,10.0,0.0,0.0,0.0
106920.0,-13.4,0.0,0.0,10.0,0.0,0.0,0.0
107280.0,-13.7,0.0,0.0,10.0,0.0,0.0,0.0
107640.0,-13.2,0.0,0.0,10.0,0.0,0.0,0.0
108000.0,-13.8,0.0,0.0,10.0,0.0,0.0,0.0
108360.0,-13.7,0.0,0.0,10.0,0.0,0.0,0.0
108720.0,-14.0,0.0,0.0,10.0,0.0,0.0,0.0
109080.0,-13.9,0.0,0.0,10.0,0.0,0.0,0.0
109440.0,-14.1,0.0,0.0,10.0,0.0,0.0,0.0
109800.0,-13.9,0.0,0.0,10.0,0.0,0.0,0.0
110160.0,-14.1,0.0,0.0,10.0,0.0,0.0,0.0
110520.0,-14.2,0.0,0.0,10.0,0.0,0.0,0.0
110880.0,-14.2,0.0,0.0,10.0,0.0,0.0,0.0
111240.0,-14.1,0.0,0.0,10.0,0.0,0.0,0.0
111600.0,-14.0,0.0,0.0,10.0,0.0,0.0,0.0
111960.0,-14.2,0.0,0.0,10.0,0.0,0.0,0.0
112320.0,-14.2,0.0,0.0,10.0,0.0,0.0,0.0
112680.0,-14.2,0.0,0.0,10.0,0.0,0.0,0.0
113040.0,-14.3,0.0,0.0,10.0,0.0,0.0,0.0
113400.0,-14.4,0.0,0.0,10.0,0.0,0.0,0.0
113760.0,-14.5,0.0,0.0,10.0,0.0,0.0,0.0
114120.0,-14.3,0.0,0.0,10.0,0.0,0.0,0.0
114480.0,-14.3,0.0,0.0,10.0,0.0,0.0,0.0
114840.0,-14.4,0.0,0.0,10.0,0.0,0.0,0.0
115200.0,-14.1,0.0,0.0,10.0,0.0,0.0,0.0
115560.0,-14.2,0.0,0.0,10.0,0.0,0.0,0.0
115920.0,-14.1,0.0,0.0,10.0,0.0,0.0,0.0
116280.0,-14.0,0.0,0.0,10.0,0.0,0.0,0.0
116640.0,-14.0,0.0,0.0,10.0,0.0,0.0,0.0
117000.0,-14.1,0.0,0.0,10.0,0.0,0.0,0.0
117360.0,-13.7,0.0,0.0,10.0,0.0,0.0,0.0
117720.0,-13.9,0.0,0.0,10.0,0.0,0.0,0.0
118080.0,-13.7,0.0,0.0,10.0,0.0,0.0,0.0
118440.0,-13.6,0.0,0.0,10.0,0.0,0.0,0.0
118800.0,-13.6,0.0,0.0,10.0,0.0,0.0,0.0
119160.0,-13.7,0.0,0.0,10.0,0.0,0.0,0.0
119520.0,-13.7,0.0,0.0,10.0,0.0,0.0,0.0
119880.0,-13.4,0.0,0.0,10.0,0.0,0.0,0.0
120240.0,-13.4,0.0,0.0,10.0,0.0,0.0,0.0
120600.0,-13.4,0.0,0.0,10.0,0.0,0.0,0.0
120960.0,-13.3,0.0,0.0,10.0,0.0,0.0,0.0
121320.0,-13.3,0.0,0.0,10.0,0.0,0.0,0.0
121680.0,-13.2,0.0,0.0,10.0,0.0,0.0,0.0
122040.0,-13.1,0.0,0.0,10.0,0.0,0.0,0.0
122400.0,-12.6,0.0,0.0,10.0,0.0,0.0,0.0
122760.0,-12.6,0.0,0.0,10.0,0.0,0.0,0.0
123120.0,-12.6,0.0,0.0,10.0,0.0,0.0,0.0
123480.0,-12.2,0.0,0.0,10.0,0.0,0.0,0.0
123840.0,-13.0,0.0,0.0,10.0,0.0,0.0,0.0
124200.0,-13.0,0.0,0.0,10.0,0.0,0.0,0.0
124560.0,-12.6,0.0,0.0,10.0,0.0,0.0,0.0
124920.0,-12.7,0.0,0.0,10.0,0.0,0.0,0.0
125280.0,-12.8,0.0,0.0,10.0,0.0,0.0,0.0
125640.0,-12.6,0.0,0.0,10.0,0.0,0.0,0.0
126000.0,-12.6,0.0,0.0,10.0,0.0,0.0,0.0
126360.0,-12.2,0.0,0.0,10.0,0.0,0.0,0.0
126720.0,-12.6,0.0,0.0,10.0,0.0,0.0,0.0
127080.0,-12.4,0.0,0.0,10.0,0.0,0.0,0.0
127440.0,-12.0,0.0,0.0,10.0,0.0,0.0,0.0
127800.0,-12.2,0.0,0.0,10.0,0.0,0.0,0.0
128160.0,-12.2,0.0,0.0,10.0,0.0,0.0,0.0
128520.0,-12.2,0.0,0.0,10.0,0.0,0.0,0.0
128880.0,-12.3,0.0,0.0,10.0,0.0,0.0,0.0
129240.0,-12.0,0.0,0.0,10.0,0.0,0.0,0.0
129600.0,-12.0,0.0,0.0,10.0,0.0,0.0,0.0
129960.0,-12.0,0.0,0.0,10.0,0.0,0.0,0.0
130320.0,-12.0,0.0,0.0,10.0,0.0,0.0,0.0
130680.0,-12.1,0.0,0.0,10.0,0.0,0.0,0.0
131040.0,-11.7,0.0,0.0,10.0,0.0,0.0,0.0
131400.0,-11.5,0.0,0.0,10.0,0.0,0.0,0.0
131760.0,-11.5,0.0,0.0,10.0,0.0,0.0,0.0
132120.0,-11.3,0.0,0.0,10.0,0.0,0.0,0.0
132480.0,-11.4,0.0,0.0,10.0,0.0,0.0,0.0
132840.0,-11.3,0.0,0.0,10.0,0.0,0.0,0.0
133200.0,-11.2,0.0,0.0,10.0,0.0,0.0,0.0
133560.0,-11.2,0.0,0.0,10.0,0.0,0.0,0.0
133920.0,-11.0,0.0,0.0,10.0,0.0,0.0,0.0
134280.0,-10.9,0.0,0.0,10.0,0.0,0.0,0.0
134640.0,-11.1,0.0,0.0,10.0,0.0,0.0,0.0
135000.0,-11.2,0.0,0.0,10.0,0.0,0.0,0.0
135360.0,-11.0,0.0,0.0,10.0,0.0,0.0,0.0
135720.0,-10.8,0.0,0.0,10.0,0.0,0.0,0.0
136080.0,-10.8,0.0,0.0,10.0,0.0,0.0,0.0
136440.0,-10.7,0.0,0.0,10.0,0.0,0.0,0.0
136800.0,-10.5,0.0,0.0,10.0,0.0,0.0,0.0
137160.0,-10.5,0.0,0.0,10.0,0.0,0.0,0.0
137520.0,-10.6,0.0,0.0,10.0,0.0,0.0,0.0
137880.0,-10.5,0.0,0.0,10.0,0.0,0.0,0.0
138240.0,-10.2,0.0,0.0,10.0,0.0,0.0,0.0
138600.0,-10.1,0.0,0.0,10.0,0.0,0.0,0.0
138960.0,-10.1,0.0,0.0,10.0,0.0,0.0,0.0
139320.0,-10.3,0.0,0.0,10.0,0.0,0.0,0.0
139680.0,-10.4,0.0,0.0,10.0,0.0,0.0,0.0
140040.0,-10.1,0.0,0.0,10.0,0.0,0.0,0.0
140400.0,-10.4,0.0,0.0,10.0,0.0,0.0,0.0
140760.0,-10.3,0.0,0.0,10.0,0.0,0.0,0.0
141120.0,-10.3,0.0,0.0,10.0,0.0,0.0,0.0
141480.0,-10.4,0.0,0.0,10.0,0.0,0.0,0.0
141840.0,-10.2,0.0,0.0,10.0,0.0,0.0,0.0
142200.0,-10.2,0.0,0.0,10.0,0.0,0.0,0.0
142560.0,-10.1,0.0,0.0,10.0,0.0,0.0,0.0
142920.0,-10.1,0.0,0.0,10.0,0.0,0.0,0.0
143280.0,-10.0,0.0,0.0,10.0,0.0,0.0,0.0
143640.0,-9.9,0.0,0.0,10.0,0.0,0.0,0.0
144000.0,-9.8,0.0,0.0,10.0,0.0,0.0,0.0
144360.0,-9.8,0.0,0.0,10.0,0.0,0.0,0.0
144720.0,-9.7,0.0,0.0,10.0,0.0,0.0,0.0
145080.0,-9.7,0.0,0.0,10.0,0.0,0.0,0.0
145440.0,-9.6,0.0,0.0,10.0,0.0,0.0,0.0
145800.0,-9.7,0.0,0.0,10.0,0.0,0.0,0.0
146160.0,-9.6,0.0,0.0,10.0,0.0,0.0,0.0
146520.0,-9.6,0.0,0.0,10.0,0.0,0.0,0.0
146880.0,-9.5,0.0,0.0,10.0,0.0,0.0,0.0
147240.0,-9.5,0.0,0.0,10.0,0.0,0.0,0.0
147600.0,-9.5,0.0,0.0,10.0,0.0,0.0,0.0
147960.0,-9.5,0.0,0.0,10.0,0.0,0.0,0.0
148320.0,-9.5,0.0,0.0,10.0,0.0,0.0,0.0
148680.0,-9.4,0.0,0.0,10.0,0.0,0.0,0.0
149040.0,-9.3,0.0,0.0,10.0,0.0,0.0,0.0
149400.0,-9.4,0.0,0.0,10.0,0.0,0.0,0.0
149760.0,-9.4,0.0,0.0,10.0,0.0,0.0,0.0
150120.0,-9.4,0.0,0.0,10.0,0.0,0.0,0.0
150480.0,-9.4,0.0,0.0,10.0,0.0,0.0,0.0
150840.0,-9.5,0.0,0.0,10.0,0.0,0.0,0.0
151200.0,-9.5,0.0,0.0,10.0,0.0,0.0,0.0
151560.0,-9.5,0.0,0.0,10.0,0.0,0.0,0.0
151920.0,-9.5,0.0,0.0,10.0,0.0,0.0,0.0
152280.0,-9.6,0.0,0.0,10.0,0.0,0.0,0.0
152640.0,-9.7,0.0,0.0,10.0,0.0,0.0,0.0
153000.0,-9.6,0.0,0.0,10.0,0.0,0.0,0.0
153360.0,-9.6,0.0,0.0,10.0,0.0,0.0,0.0
153720.0,-9.6,0.0,0.0,10.0,0.0,0.0,0.0
154080.0,-9.7,0.0,0.0,10.0,0.0,0.0,0.0
154440.0,-9.6,0.0,0.0,10.0,0.0,0.0,0.0
155160.0,-9.7,0.0,0.0,10.0,0.0,0.0,0.0
155520.0,-9.7,0.0,0.0,10.0,0.0,0.0,0.0
155880.0,-9.6,0.0,0.0,10.0,0.0,0.0,0.0
156240.0,-9.6,0.0,0.0,10.0,0.0,0.0,0.0
156600.0,-9.6,0.0,0.0,10.0,0.0,0.0,0.0
156960.0,-9.6,0.0,0.0,10.0,0.0,0.0,0.0
157320.0,-9.6,0.0,0.0,10.0,0.0,0.0,0.0
157680.0,-9.6,0.0,0.0,10.0,0.0,0.0,0.0
158040.0,-9.6,0.0,0.0,10.0,0.0,0.0,0.0
158400.0,-9.8,0.0,0.0,10.0,0.0,0.0,0.0
158760.0,-9.7,0.0,0.0,10.0,0.0,0.0,0.0
159120.0,-9.7,0.0,0.0,10.0,0.0,0.0,0.0
159480.0,-9.8,0.0,0.0,10.0,0.0,0.0,0.0
159840.0,-9.8,0.0,0.0,10.0,0.0,0.0,0.0
160200.0,-9.7,0.0,0.0,10.0,0.0,0.0,0.0
160560.0,-9.7,0.0,0.0,10.0,0.0,0.0,0.0
160920.0,-9.6,0.0,0.0,10.0,0.0,0.0,0.0
161280.0,-9.6,0.0,0.0,10.0,0.0,0.0,0.0
161640.0,-9.6,0.0,0.0,10.0,0.0,0.0,0.0
162000.0,-9.7,0.0,0.0,10.0,0.0,0.0,0.0
162360.0,-9.7,0.0,0.0,10.0,0.0,0.0,0.0
162720.0,-9.5,0.0,0.0,10.0,0.0,0.0,0.0
163080.0,-9.6,0.0,0.0,10.0,0.0,0.0,0.0
163440.0,-9.6,0.0,0.0,10.0,0.0,0.0,0.0
163800.0,-9.5,0.0,0.0,10.0,0.0,0.0,0.0
164160.0,-9.5,0.0,0.0,10.0,0.0,0.0,0.0
164520.0,-9.7,0.0,0.0,10.0,0.0,0.0,0.0
164880.0,-9.7,0.0,0.0,10.0,0.0,0.0,0.0
165240.0,-9.7,0.0,0.0,10.0,0.0,0.0,0.0
165600.0,-9.6,0.0,0.0,10.0,0.0,0.0,0.0
165960.0,-9.8,0.0,0.0,10.0,0.0,0.0,0.0
166320.0,-9.8,0.0,0.0,10.0,0.0,0.0,0.0
166680.0,-9.9,0.0,0.0,10.0,0.0,0.0,0.0
167040.0,-10.0,0.0,0.0,10.0,0.0,0.0,0.0
167400.0,-10.0,0.0,0.0,10.0,0.0,0.0,0.0
167760.0,-10.0,0.0,0.0,10.0,0.0,0.0,0.0
168120.0,-10.0,0.0,0.0,10.0,0.0,0.0,0.0
168480.0,-10.0,0.0,0.0,10.0,0.0,0.0,0.0
168840.0,-9.9,0.0,0.0,10.0,0.0,0.0,0.0
169200.0,-10.0,0.0,0.0,10.0,0.0,0.0,0.0
169560.0,-9.9,0.0,0.0,10.0,0.0,0.0,0.0
169920.0,-9.9,0.0,0.0,10.0,0.0,0.0,0.0
170280.0,-9.7,0.0,0.0,10.0,0.0,0.0,0.0
170640.0,-9.6,0.0,0.0,10.0,0.0,0.0,0.0
171000.0,-9.6,0.0,0.0,10.0,0.0,0.0,0.0
171360.0,-9.5,0.0,0.0,10.0,0.0,0.0,0.0
171720.0,-9.5,0.0,0.0,10.0,0.0,0.0,0.0
172080.0,-9.5,0.0,0.0,10.0,0.0,0.0,0.0
172440.0,-9.4,0.0,0.0,10.0,0.0,0.0,0.0
172800.0,-9.3,0.0,0.0,10.0,0.0,0.0,0.0
173160.0,-9.1,0.0,0.0,10.0,0.0,0.0,0.0
173520.0,-9.0,0.0,0.0,10.0,0.0,0.0,0.0
173880.0,-8.9,0.0,0.0,10.0,0.0,0.0,0.0
174240.0,-8.7,0.0,0.0,10.0,0.0,0.0,0.0
174600.0,-8.6,0.0,0.0,10.0,0.0,0.0,0.0
174960.0,-8.5,0.0,0.0,10.0,0.0,0.0,0.0
175320.0,-8.2,0.0,0.0,10.0,0.0,0.0,0.0
175680.0,-8.1,0.0,0.0,10.0,0.0,0.0,0.0
176040.0,-8.2,0.0,0.0,10.0,0.0,0.0,0.0
176400.0,-8.0,0.0,0.0,10.0,0.0,0.0,0.0
176760.0,-8.0,0.0,0.0,10.0,0.0,0.0,0.0
177120.0,-8.0,0.0,0.0,10.0,0.0,0.0,0.0
177480.0,-7.8,0.0,0.0,10.0,0.0,0.0,0.0
177840.0,-7.7,0.0,0.0,10.0,0.0,0.0,0.0
178200.0,-7.6,0.0,0.0,10.0,0.0,0.0,0.0
178560.0,-7.5,0.0,0.0,10.0,0.0,0.0,0.0
178920.0,-7.3,0.0,0.0,10.0,0.0,0.0,0.0
179280.0,-7.1,0.0,0.0,10.0,0.0,0.0,0.0
179640.0,-7.0,0.0,0.0,10.0,0.0,0.0,0.0
180000.0,-6.9,0.0,0.0,10.0,0.0,0.0,0.0
180360.0,-6.8,0.0,0.0,10.0,0.0,0.0,0.0
180720.0,-6.6,0.0,0.0,10.0,0.0,0.0,0.0
181080.0,-6.0,0.0,0.0,10.0,0.0,0.0,0.0
181440.0,-4.3,0.0,0.0,10.0,0.0,0.0,0.0
181800.0,-1.5,0.0,0.0,10.0,0.0,0.0,0.0
182160.0,-0.7,0.0,0.0,10.0,0.0,0.0,0.0
182520.0,-0.3,0.0,0.0,10.0,0.0,0.0,0.0
182880.0,-0.2,0.0,0.0,10.0,0.0,0.0,0.0
183240.0,0.0,0.0,0.0,10.0,0.0,0.0,0.0
183600.0,0.1,0.0,0.0,10.0,0.0,0.0,0.0
183960.0,0.0,0.0,0.0,10.0,0.0,0.0,0.0
184320.0,0.0,0.0,0.0,10.0,0.0,0.0,0.0
184680.0,0.0,0.0,0.0,10.0,0.0,0.0,0.0
185040.0,0.0,0.0,0.0,10.0,0.0,0.0,0.0
185400.0,0.0,0.0,0.0,10.0,0.0,0.0,0.0
185760.0,-0.1,0.0,0.0,10.0,0.0,0.0,0.0
186120.0,-0.1,0.0,0.0,10.0,0.0,0.0,0.0
186480.0,-0.1,0.0,0.0,10.0,0.0,0.0,0.0
186840.0,-0.1,0.0,0.0,10.0,0.0,0.0,0.0
187200.0,-0.1,0.0,0.0,10.0,0.0,0.0,0.0
187560.0,-0.1,0.0,0.0,10.0,0.0,0.0,0.0
187920.0,-0.1,0.0,0.0,10.0,0.0,0.0,0.0
188280.0,-0.3,0.0,0.0,10.0,0.0,0.0,0.0
188640.0,-0.2,0.0,0.0,10.0,0.0,0.0,0.0
189000.0,-0.2,0.0,0.0,10.0,0.0,0.0,0.0
189360.0,-0.2,0.0,0.0,10.0,0.0,0.0,0.0
189720.0,-0.2,0.0,0.0,10.0,0.0,0.0,0.0
190080.0,-0.2,0.0,0.0,10.0,0.0,0.0,0.0
190440.0,-0.1,0.0,0.0,10.0,0.0,0.0,0.0
190800.0,0.0,0.0,0.0,10.0,0.0,0.0,0.0
191160.0,0.1,0.0,0.0,10.0,0.0,0.0,0.0
191520.0,0.2,0.0,0.0,10.0,0.0,0.0,0.0
191880.0,0.3,0.0,0.0,10.0,0.0,0.0,0.0
192240.0,0.4,0.0,0.0,10.0,0.0,0.0,0.0
192600.0,0.5,0.0,0.0,10.0,0.0,0.0,0.0
192960.0,0.5,0.0,0.0,10.0,0.0,0.0,0.0
193320.0,0.6,0.0,0.0,10.0,0.0,0.0,0.0
193680.0,0.6,0.0,0.0,10.0,0.0,0.0,0.0
194040.0,0.7,0.0,0.0,10.0,0.0,0.0,0.0
194400.0,0.8,0.0,0.0,10.0,0.0,0.0,0.0
194760.0,0.9,0.0,0.0,10.0,0.0,0.0,0.0
195120.0,1.0,0.0,0.0,10.0,0.0,0.0,0.0
195480.0,1.1,0.0,0.0,10.0,0.0,0.0,0.0
195840.0,1.1,0.0,0.0,10.0,0.0,0.0,0.0
196200.0,1.1,0.0,0.0,10.0,0.0,0.0,0.0
196560.0,1.3,0.0,0.0,10.0,0.0,0.0,0.0
196920.0,1.4,0.0,0.0,10.0,0.0,0.0,0.0
197280.0,1.4,0.0,0.0,10.0,0.0,0.0,0.0
197640.0,1.4,0.0,0.0,10.0,0.0,0.0,0.0
198000.0,1.4,0.0,0.0,10.0,0.0,0.0,0.0
198360.0,1.4,0.0,0.0,10.0,0.0,0.0,0.0
198720.0,1.4,0.0,0.0,10.0,0.0,0.0,0.0
199080.0,1.4,0.0,0.0,10.0,0.0,0.0,0.0
199440.0,1.3,0.0,0.0,10.0,0.0,0.0,0.0
199800.0,1.3,0.0,0.0,10.0,0.0,0.0,0.0
200160.0,1.3,0.0,0.0,10.0,0.0,0.0,0.0
200520.0,1.3,0.0,0.0,10.0,0.0,0.0,0.0
200880.0,1.4,0.0,0.0,10.0,0.0,0.0,0.0
201240.0,1.4,0.0,0.0,10.0,0.0,0.0,0.0
201600.0,1.4,0.0,0.0,10.0,0.0,0.0,0.0
201960.0,1.4,0.0,0.0,10.0,0.0,0.0,0.0
202320.0,1.4,0.0,0.0,10.0,0.0,0.0,0.0
202680.0,1.4,0.0,0.0,10.0,0.0,0.0,0.0
203040.0,1.5,0.0,0.0,10.0,0.0,0.0,0.0
203400.0,1.5,0.0,0.0,10.0,0.0,0.0,0.0
203760.0,1.5,0.0,0.0,10.0,0.0,0.0,0.0
204120.0,1.6,0.0,0.0,10.0,0.0,0.0,0.0
204480.0,1.6,0.0,0.0,10.0,0.0,0.0,0.0
204840.0,1.7,0.0,0.0,10.0,0.0,0.0,0.0
205200.0,1.7,0.0,0.0,10.0,0.0,0.0,0.0
205560.0,1.7,0.0,0.0,10.0,0.0,0.0,0.0
205920.0,1.8,0.0,0.0,10.0,0.0,0.0,0.0
206280.0,1.8,0.0,0.0,10.0,0.0,0.0,0.0
206640.0,1.9,0.0,0.0,10.0,0.0,0.0,0.0
207000.0,1.9,0.0,0.0,10.0,0.0,0.0,0.0
207360.0,1.9,0.0,0.0,10.0,0.0,0.0,0.0
207720.0,2.0,0.0,0.0,10.0,0.0,0.0,0.0
208080.0,2.0,0.0,0.0,10.0,0.0,0.0,0.0
208440.0,2.0,0.0,0.0,10.0,0.0,0.0,0.0
208800.0,2.0,0.0,0.0,10.0,0.0,0.0,0.0
209160.0,2.0,0.0,0.0,10.0,0.0,0.0,0.0
209520.0,2.0,0.0,0.0,10.0,0.0,0.0,0.0
209880.0,2.0,0.0,0.0,10.0,0.0,0.0,0.0
210240.0,2.0,0.0,0.0,10.0,0.0,0.0,0.0
210600.0,2.0,0.0,0.0,10.0,0.0,0.0,0.0
210960.0,2.1,0.0,0.0,10.0,0.0,0.0,0.0
211320.0,2.1,0.0,0.0,10.0,0.0,0.0,0.0
211680.0,2.2,0.0,0.0,10.0,0.0,0.0,0.0
212040.0,2.2,0.0,0.0,10.0,0.0,0.0,0.0
212400.0,2.2,0.0,0.0,10.0,0.0,0.0,0.0
212760.0,2.2,0.0,0.0,10.0,0.0,0.0,0.0
213120.0,2.4,0.0,0.0,10.0,0.0,0.0,0.0
213480.0,2.5,0.0,0.0,10.0,0.0,0.0,0.0
213840.0,2.5,0.0,0.0,10.0,0.0,0.0,0.0
214200.0,2.5,0.0,0.0,10.0,0.0,0.0,0.0
214560.0,2.5,0.0,0.0,10.0,0.0,0.0,0.0
214920.0,2.5,0.0,0.0,10.0,0.0,0.0,0.0
215280.0,2.5,0.0,0.0,10.0,0.0,0.0,0.0
215640.0,2.6,0.0,0.0,10.0,0.0,0.0,0.0
216000.0,2.5,0.0,0.0,10.0,0.0,0.0,0.0
216360.0,2.5,0.0,0.0,10.0,0.0,0.0,0.0
216720.0,2.5,0.0,0.0,10.0,0.0,0.0,0.0
217080.0,2.6,0.0,0.0,10.0,0.0,0.0,0.0
217440.0,2.6,0.0,0.0,10.0,0.0,0.0,0.0
217800.0,2.7,0.0,0.0,10.0,0.0,0.0,0.0
218160.0,2.7,0.0,0.0,10.0,0.0,0.0,0.0
218520.0,2.8,0.0,0.0,10.0,0.0,0.0,0.0
218880.0,2.8,0.0,0.0,10.0,0.0,0.0,0.0
219240.0,2.9,0.0,0.0,10.0,0.0,0.0,0.0
219600.0,3.0,0.0,0.0,10.0,0.0,0.0,0.0
219960.0,3.0,0.0,0.0,10.0,0.0,0.0,0.0
220320.0,3.1,0.0,0.0,10.0,0.0,0.0,0.0
220680.0,3.2,0.0,0.0,10.0,0.0,0.0,0.0
221040.0,3.3,0.0,0.0,10.0,0.0,0.0,0.0
221400.0,3.3,0.0,0.0,10.0,0.0,0.0,0.0
221760.0,3.2,0.0,0.0,10.0,0.0,0.0,0.0
222120.0,3.2,0.0,0.0,10.0,0.0,0.0,0.0
222480.0,3.1,0.0,0.0,10.0,0.0,0.0,0.0
222840.0,3.1,0.0,0.0,10.0,0.0,0.0,0.0
223200.0,3.2,0.0,0.0,10.0,0.0,0.0,0.0
223560.0,3.3,0.0,0.0,10.0,0.0,0.0,0.0
223920.0,3.3,0.0,0.0,10.0,0.0,0.0,0.0
224280.0,3.3,0.0,0.0,10.0,0.0,0.0,0.0
224640.0,3.3,0.0,0.0,10.0,0.0,0.0,0.0
225000.0,3.3,0.0,0.0,10.0,0.0,0.0,0.0
225360.0,3.3,0.0,0.0,10.0,0.0,0.0,0.0
225720.0,3.1,0.0,0.0,10.0,0.0,0.0,0.0
226080.0,3.2,0.0,0.0,10.0,0.0,0.0,0.0
226440.0,3.3,0.0,0.0,10.0,0.0,0.0,0.0
226800.0,3.1,0.0,0.0,10.0,0.0,0.0,0.0
227160.0,2.9,0.0,0.0,10.0,0.0,0.0,0.0
227520.0,3.0,0.0,0.0,10.0,0.0,0.0,0.0
227880.0,2.9,0.0,0.0,10.0,0.0,0.0,0.0
228240.0,2.8,0.0,0.0,10.0,0.0,0.0,0.0
228600.0,2.9,0.0,0.0,10.0,0.0,0.0,0.0
228960.0,2.9,0.0,0.0,10.0,0.0,0.0,0.0
229320.0,2.7,0.0,0.0,10.0,0.0,0.0,0.0
229680.0,2.3,0.0,0.0,10.0,0.0,0.0,0.0
230040.0,2.0,0.0,0.0,10.0,0.0,0.0,0.0
230400.0,1.9,0.0,0.0,10.0,0.0,0.0,0.0
230760.0,2.0,0.0,0.0,10.0,0.0,0.0,0.0
231120.0,2.0,0.0,0.0,10.0,0.0,0.0,0.0
231480.0,2.0,0.0,0.0,10.0,0.0,0.0,0.0
231840.0,1.9,0.0,0.0,10.0,0.0,0.0,0.0
232200.0,1.9,0.0,0.0,10.0,0.0,0.0,0.0
232560.0,1.9,0.0,0.0,10.0,0.0,0.0,0.0
232920.0,1.8,0.0,0.0,10.0,0.0,0.0,0.0
233280.0,1.8,0.0,0.0,10.0,0.0,0.0,0.0
233640.0,1.9,0.0,0.0,10.0,0.0,0.0,0.0
234000.0,2.0,0.0,0.0,10.0,0.0,0.0,0.0
234360.0,2.1,0.0,0.0,10.0,0.0,0.0,0.0
234720.0,2.1,0.0,0.0,10.0,0.0,0.0,0.0
235080.0,2.1,0.0,0.0,10.0,0.0,0.0,0.0
235440.0,2.1,0.0,0.0,10.0,0.0,0.0,0.0
235800.0,2.2,0.0,0.0,10.0,0.0,0.0,0.0
236160.0,2.3,0.0,0.0,10.0,0.0,0.0,0.0
236520.0,2.3,0.0,0.0,10.0,0.0,0.0,0.0
236880.0,2.3,0.0,0.0,10.0,0.0,0.0,0.0
237240.0,2.2,0.0,0.0,10.0,0.0,0.0,0.0
237600.0,2.2,0.0,0.0,10.0,0.0,0.0,0.0
237960.0,2.2,0.0,0.0,10.0,0.0,0.0,0.0
238320.0,2.2,0.0,0.0,10.0,0.0,0.0,0.0
238680.0,2.2,0.0,0.0,10.0,0.0,0.0,0.0
239040.0,2.2,0.0,0.0,10.0,0.0,0.0,0.0
239400.0,1.9,0.0,0.0,10.0,0.0,0.0,0.0
239760.0,1.8,0.0,0.0,10.0,0.0,0.0,0.0
240120.0,1.9,0.0,0.0,10.0,0.0,0.0,0.0
240480.0,2.0,0.0,0.0,10.0,0.0,0.0,0.0
240840.0,2.0,0.0,0.0,10.0,0.0,0.0,0.0
241200.0,2.2,0.0,0.0,10.0,0.0,0.0,0.0
241560.0,2.4,0.0,0.0,10.0,0.0,0.0,0.0
241920.0,2.3,0.0,0.0,10.0,0.0,0.0,0.0
242280.0,2.2,0.0,0.0,10.0,0.0,0.0,0.0
242640.0,2.2,0.0,0.0,10.0,0.0,0.0,0.0
243000.0,2.2,0.0,0.0,10.0,0.0,0.0,0.0
243360.0,2.1,0.0,0.0,10.0,0.0,0.0,0.0
243720.0,2.2,0.0,0.0,10.0,0.0,0.0,0.0
244080.0,2.1,0.0,0.0,10.0,0.0,0.0,0.0
244440.0,2.1,0.0,0.0,10.0,0.0,0.0,0.0
244800.0,2.0,0.0,0.0,10.0,0.0,0.0,0.0
245160.0,2.0,0.0,0.0,10.0,0.0,0.0,0.0
245520.0,2.0,0.0,0.0,10.0,0.0,0.0,0.0
245880.0,2.0,0.0,0.0,10.0,0.0,0.0,0.0
246240.0,2.0,0.0,0.0,10.0,0.0,0.0,0.0
246600.0,1.8,0.0,0.0,10.0,0.0,0.0,0.0
246960.0,1.7,0.0,0.0,10.0,0.0,0.0,0.0
247320.0,1.7,0.0,0.0,10.0,0.0,0.0,0.0
247680.0,1.8,0.0,0.0,10.0,0.0,0.0,0.0
248040.0,1.8,0.0,0.0,10.0,0.0,0.0,0.0
248400.0,1.7,0.0,0.0,10.0,0.0,0.0,0.0
248760.0,1.7,0.0,0.0,10.0,0.0,0.0,0.0
249120.0,1.7,0.0,0.0,10.0,0.0,0.0,0.0
249480.0,1.5,0.0,0.0,10.0,0.0,0.0,0.0
249840.0,1.6,0.0,0.0,10.0,0.0,0.0,0.0
250200.0,1.5,0.0,0.0,10.0,0.0,0.0,0.0
250560.0,1.6,0.0,0.0,10.0,0.0,0.0,0.0
250920.0,1.5,0.0,0.0,10.0,0.0,0.0,0.0
251280.0,1.4,0.0,0.0,10.0,0.0,0.0,0.0
251640.0,1.5,0.0,0.0,10.0,0.0,0.0,0.0
252000.0,1.5,0.0,0.0,10.0,0.0,0.0,0.0
252360.0,1.6,0.0,0.0,10.0,0.0,0.0,0.0
252720.0,1.5,0.0,0.0,10.0,0.0,0.0,0.0
253080.0,1.3,0.0,0.0,10.0,0.0,0.0,0.0
253440.0,1.3,0.0,0.0,10.0,0.0,0.0,0.0
253800.0,1.3,0.0,0.0,10.0,0.0,0.0,0.0
254160.0,1.2,0.0,0.0,10.0,0.0,0.0,0.0
254520.0,1.2,0.0,0.0,10.0,0.0,0.0,0.0
254880.0,1.1,0.0,0.0,10.0,0.0,0.0,0.0
255240.0,1.1,0.0,0.0,10.0,0.0,0.0,0.0
255600.0,1.0,0.0,0.0,10.0,0.0,0.0,0.0
255960.0,1.0,0.0,0.0,10.0,0.0,0.0,0.0
256320.0,0.9,0.0,0.0,10.0,0.0,0.0,0.0
256680.0,0.9,0.0,0.0,10.0,0.0,0.0,0.0
257040.0,0.8,0.0,0.0,10.0,0.0,0.0,0.0
257400.0,0.7,0.0,0.0,10.0,0.0,0.0,0.0
257760.0,0.7,0.0,0.0,10.0,0.0,0.0,0.0
258120.0,0.7,0.0,0.0,10.0,0.0,0.0,0.0
258480.0,0.6,0.0,0.0,10.0,0.0,0.0,0.0
258840.0,0.6,0.0,0.0,10.0,0.0,0.0,0.0
259200.0,0.5,0.0,0.0,10.0,0.0,0.0,0.0
259560.0,0.4,0.0,0.0,10.0,0.0,0.0,0.0
259920.0,0.4,0.0,0.0,10.0,0.0,0.0,0.0
260280.0,0.4,0.0,0.0,10.0,0.0,0.0,0.0
260640.0,0.4,0.0,0.0,10.0,0.0,0.0,0.0
261000.0,0.3,0.0,0.0,10.0,0.0,0.0,0.0
261360.0,0.3,0.0,0.0,10.0,0.0,0.0,0.0
261720.0,0.3,0.0,0.0,10.0,0.0,0.0,0.0
262080.0,0.3,0.0,0.0,10.0,0.0,0.0,0.0
262440.0,0.3,0.0,0.0,10.0,0.0,0.0,0.0
262800.0,0.3,0.0,0.0,10.0,0.0,0.0,0.0
263160.0,0.3,0.0,0.0,10.0,0.0,0.0,0.0
263520.0,0.2,0.0,0.0,10.0,0.0,0.0,0.0
263880.0,0.2,0.0,0.0,10.0,0.0,0.0,0.0
264240.0,0.3,0.0,0.0,10.0,0.0,0.0,0.0
264600.0,0.2,0.0,0.0,10.0,0.0,0.0,0.0
264960.0,0.2,0.0,0.0,10.0,0.0,0.0,0.0
265320.0,0.2,0.0,0.0,10.0,0.0,0.0,0.0
265680.0,0.2,0.0,0.0,10.0,0.0,0.0,0.0
266040.0,0.2,0.0,0.0,10.0,0.0,0.0,0.0
266400.0,0.2,0.0,0.0,10.0,0.0,0.0,0.0
266760.0,0.2,0.0,0.0,10.0,0.0,0.0,0.0
267120.0,0.1,0.0,0.0,10.0,0.0,0.0,0.0
267480.0,0.1,0.0,0.0,10.0,0.0,0.0,0.0
267840.0,0.1,0.0,0.0,10.0,0.0,0.0,0.0
268200.0,0.0,0.0,0.0,10.0,0.0,0.0,0.0
268560.0,0.0,0.0,0.0,10.0,0.0,0.0,0.0
268920.0,-0.1,0.0,0.0,10.0,0.0,0.0,0.0
269280.0,-0.1,0.0,0.0,10.0,0.0,0.0,0.0
269640.0,-0.2,0.0,0.0,10.0,0.0,0.0,0.0
270000.0,-0.2,0.0,0.0,10.0,0.0,0.0,0.0
270360.0,-0.3,0.0,0.0,10.0,0.0,0.0,0.0
270720.0,-0.3,0.0,0.0,10.0,0.0,0.0,0.0
271080.0,-0.3,0.0,0.0,10.0,0.0,0.0,0.0
271440.0,-0.3,0.0,0.0,10.0,0.0,0.0,0.0
271800.0,-0.4,0.0,0.0,10.0,0.0,0.0,0.0
272160.0,-0.4,0.0,0.0,10.0,0.0,0.0,0.0
272520.0,-0.5,0.0,0.0,10.0,0.0,0.0,0.0
272880.0,-0.5,0.0,0.0,10.0,0.0,0.0,0.0
273240.0,-0.6,0.0,0.0,10.0,0.0,0.0,0.0
273600.0,-0.6,0.0,0.0,10.0,0.0,0.0,0.0
273960.0,-0.6,0.0,0.0,10.0,0.0,0.0,0.0
274320.0,-0.6,0.0,0.0,10.0,0.0,0.0,0.0
274680.0,-0.6,0.0,0.0,10.0,0.0,0.0,0.0
275040.0,-0.6,0.0,0.0,10.0,0.0,0.0,0.0
275400.0,-0.6,0.0,0.0,10.0,0.0,0.0,0.0
275760.0,-0.6,0.0,0.0,10.0,0.0,0.0,0.0
276120.0,-0.6,0.0,0.0,10.0,0.0,0.0,0.0
276480.0,-0.7,0.0,0.0,10.0,0.0,0.0,0.0
276840.0,-0.6,0.0,0.0,10.0,0.0,0.0,0.0
277200.0,-0.6,0.0,0.0,10.0,0.0,0.0,0.0
277560.0,-0.6,0.0,0.0,10.0,0.0,0.0,0.0
277920.0,-0.6,0.0,0.0,10.0,0.0,0.0,0.0
278280.0,-0.6,0.0,0.0,10.0,0.0,0.0,0.0
278640.0,-0.6,0.0,0.0,10.0,0.0,0.0,0.0
279000.0,-0.5,0.0,0.0,10.0,0.0,0.0,0.0
279360.0,-0.5,0.0,0.0,10.0,0.0,0.0,0.0
279720.0,-0.5,0.0,0.0,10.0,0.0,0.0,0.0
280080.0,-0.4,0.0,0.0,10.0,0.0,0.0,0.0
280440.0,-0.4,0.0,0.0,10.0,0.0,0.0,0.0
280800.0,-0.4,0.0,0.0,10.0,0.0,0.0,0.0
281160.0,-0.3,0.0,0.0,10.0,0.0,0.0,0.0
281520.0,-0.3,0.0,0.0,10.0,0.0,0.0,0.0
281880.0,-0.3,0.0,0.0,10.0,0.0,0.0,0.0
282240.0,-0.3,0.0,0.0,10.0,0.0,0.0,0.0
282600.0,-0.3,0.0,0.0,10.0,0.0,0.0,0.0
282960.0,-0.2,0.0,0.0,10.0,0.0,0.0,0.0
283320.0,-0.2,0.0,0.0,10.0,0.0,0.0,0.0
283680.0,-0.2,0.0,0.0,10.0,0.0,0.0,0.0
284040.0,-0.2,0.0,0.0,10.0,0.0,0.0,0.0
284400.0,-0.2,0.0,0.0,10.0,0.0,0.0,0.0
284760.0,-0.2,0.0,0.0,10.0,0.0,0.0,0.0
285120.0,-0.1,0.0,0.0,10.0,0.0,0.0,0.0
285480.0,-0.1,0.0,0.0,10.0,0.0,0.0,0.0
285840.0,-0.1,0.0,0.0,10.0,0.0,0.0,0.0
286200.0,-0.1,0.0,0.0,10.0,0.0,0.0,0.0
286560.0,-0.1,0.0,0.0,10.0,0.0,0.0,0.0
286920.0,-0.1,0.0,0.0,10.0,0.0,0.0,0.0
287280.0,0.0,0.0,0.0,10.0,0.0,0.0,0.0
287640.0,0.0,0.0,0.0,10.0,0.0,0.0,0.0
288000.0,0.0,0.0,0.0,10.0,0.0,0.0,0.0
288360.0,0.2,0.0,0.0,10.0,0.0,0.0,0.0
288720.0,0.3,0.0,0.0,10.0,0.0,0.0,0.0
289080.0,0.3,0.0,0.0,10.0,0.0,0.0,0.0
289440.0,0.4,0.0,0.0,10.0,0.0,0.0,0.0
289800.0,0.4,0.0,0.0,10.0,0.0,0.0,0.0
290160.0,0.4,0.0,0.0,10.0,0.0,0.0,0.0
290520.0,0.5,0.0,0.0,10.0,0.0,0.0,0.0
290880.0,0.5,0.0,0.0,10.0,0.0,0.0,0.0
291240.0,0.5,0.0,0.0,10.0,0.0,0.0,0.0
291600.0,0.6,0.0,0.0,10.0,0.0,0.0,0.0
291960.0,0.6,0.0,0.0,10.0,0.0,0.0,0.0
292320.0,0.6,0.0,0.0,10.0,0.0,0.0,0.0
292680.0,0.6,0.0,0.0,10.0,0.0,0.0,0.0
293040.0,0.6,0.0,0.0,10.0,0.0,0.0,0.0
293400.0,0.7,0.0,0.0,10.0,0.0,0.0,0.0
294120.0,0.7,0.0,0.0,10.0,0.0,0.0,0.0
294480.0,0.7,0.0,0.0,10.0,0.0,0.0,0.0
294840.0,0.7,0.0,0.0,10.0,0.0,0.0,0.0
295200.0,0.8,0.0,0.0,10.0,0.0,0.0,0.0
295560.0,0.7,0.0,0.0,10.0,0.0,0.0,0.0
295920.0,0.7,0.0,0.0,10.0,0.0,0.0,0.0
296280.0,0.8,0.0,0.0,10.0,0.0,0.0,0.0
296640.0,0.7,0.0,0.0,10.0,0.0,0.0,0.0
297000.0,0.7,0.0,0.0,10.0,0.0,0.0,0.0
297360.0,0.7,0.0,0.0,10.0,0.0,0.0,0.0
297720.0,0.7,0.0,0.0,10.0,0.0,0.0,0.0
298080.0,0.7,0.0,0.0,10.0,0.0,0.0,0.0
298440.0,0.7,0.0,0.0,10.0,0.0,0.0,0.0
298800.0,0.7,0.0,0.0,10.0,0.0,0.0,0.0
299160.0,0.7,0.0,0.0,10.0,0.0,0.0,0.0
299520.0,0.7,0.0,0.0,10.0,0.0,0.0,0.0
299880.0,0.8,0.0,0.0,10.0,0.0,0.0,0.0
300240.0,0.9,0.0,0.0,10.0,0.0,0.0,0.0
300600.0,1.0,0.0,0.0,10.0,0.0,0.0,0.0
300960.0,1.1,0.0,0.0,10.0,0.0,0.0,0.0
301320.0,1.2,0.0,0.0,10.0,0.0,0.0,0.0
301680.0,1.3,0.0,0.0,10.0,0.0,0.0,0.0
302040.0,1.3,0.0,0.0,10.0,0.0,0.0,0.0
302400.0,1.3,0.0,0.0,10.0,0.0,0.0,0.0
302760.0,1.3,0.0,0.0,10.0,0.0,0.0,0.0
303120.0,1.4,0.0,0.0,10.0,0.0,0.0,0.0
303480.0,1.4,0.0,0.0,10.0,0.0,0.0,0.0
303840.0,1.5,0.0,0.0,10.0,0.0,0.0,0.0
304200.0,1.5,0.0,0.0,10.0,0.0,0.0,0.0
304560.0,1.6,0.0,0.0,10.0,0.0,0.0,0.0
304920.0,1.6,0.0,0.0,10.0,0.0,0.0,0.0
305280.0,1.6,0.0,0.0,10.0,0.0,0.0,0.0
305640.0,1.7,0.0,0.0,10.0,0.0,0.0,0.0
306000.0,1.7,0.0,0.0,10.0,0.0,0.0,0.0
306360.0,1.7,0.0,0.0,10.0,0.0,0.0,0.0
306720.0,1.7,0.0,0.0,10.0,0.0,0.0,0.0
307080.0,1.7,0.0,0.0,10.0,0.0,0.0,0.0
307440.0,1.7,0.0,0.0,10.0,0.0,0.0,0.0
307800.0,1.7,0.0,0.0,10.0,0.0,0.0,0.0
308160.0,1.8,0.0,0.0,10.0,0.0,0.0,0.0
308520.0,1.8,0.0,0.0,10.0,0.0,0.0,0.0
308880.0,1.9,0.0,0.0,10.0,0.0,0.0,0.0
309240.0,1.7,0.0,0.0,10.0,0.0,0.0,0.0
309600.0,1.8,0.0,0.0,10.0,0.0,0.0,0.0
309960.0,1.8,0.0,0.0,10.0,0.0,0.0,0.0
310320.0,1.8,0.0,0.0,10.0,0.0,0.0,0.0
310680.0,1.7,0.0,0.0,10.0,0.0,0.0,0.0
311040.0,1.6,0.0,0.0,10.0,0.0,0.0,0.0
311400.0,1.5,0.0,0.0,10.0,0.0,0.0,0.0
311760.0,1.4,0.0,0.0,10.0,0.0,0.0,0.0
312120.0,1.4,0.0,0.0,10.0,0.0,0.0,0.0
312480.0,1.4,0.0,0.0,10.0,0.0,0.0,0.0
312840.0,1.3,0.0,0.0,10.0,0.0,0.0,0.0
313200.0,1.2,0.0,0.0,10.0,0.0,0.0,0.0
313560.0,1.0,0.0,0.0,10.0,0.0,0.0,0.0
313920.0,0.5,0.0,0.0,10.0,0.0,0.0,0.0
314280.0,0.6,0.0,0.0,10.0,0.0,0.0,0.0
314640.0,0.8,0.0,0.0,10.0,0.0,0.0,0.0
315000.0,0.8,0.0,0.0,10.0,0.0,0.0,0.0
315360.0,0.8,0.0,0.0,10.0,0.0,0.0,0.0
315720.0,0.8,0.0,0.0,10.0,0.0,0.0,0.0
316080.0,0.7,0.0,0.0,10.0,0.0,0.0,0.0
316440.0,0.6,0.0,0.0,10.0,0.0,0.0,0.0
316800.0,0.5,0.0,0.0,10.0,0.0,0.0,0.0
317160.0,0.5,0.0,0.0,10.0,0.0,0.0,0.0
318240.0,0.3,0.0,0.0,10.0,0.0,0.0,0.0
318600.0,0.1,0.0,0.0,10.0,0.0,0.0,0.0
318960.0,0.0,0.0,0.0,10.0,0.0,0.0,0.0
319320.0,0.0,0.0,0.0,10.0,0.0,0.0,0.0
319680.0,0.0,0.0,0.0,10.0,0.0,0.0,0.0
320040.0,-0.1,0.0,0.0,10.0,0.0,0.0,0.0
320400.0,-0.1,0.0,0.0,10.0,0.0,0.0,0.0
320760.0,-0.1,0.0,0.0,10.0,0.0,0.0,0.0
321120.0,-0.2,0.0,0.0,10.0,0.0,0.0,0.0
321480.0,-0.3,0.0,0.0,10.0,0.0,0.0,0.0
321840.0,-0.4,0.0,0.0,10.0,0.0,0.0,0.0
322200.0,-0.5,0.0,0.0,10.0,0.0,0.0,0.0
322560.0,-0.6,0.0,0.0,10.0,0.0,0.0,0.0
322920.0,-0.6,0.0,0.0,10.0,0.0,0.0,0.0
323280.0,-0.5,0.0,0.0,10.0,0.0,0.0,0.0
323640.0,-0.4,0.0,0.0,10.0,0.0,0.0,0.0
324000.0,-0.5,0.0,0.0,10.0,0.0,0.0,0.0
324360.0,-0.6,0.0,0.0,10.0,0.0,0.0,0.0
324720.0,-0.6,0.0,0.0,10.0,0.0,0.0,0.0
325080.0,-0.8,0.0,0.0,10.0,0.0,0.0,0.0
325440.0,-0.6,0.0,0.0,10.0,0.0,0.0,0.0
325800.0,-0.5,0.0,0.0,10.0,0.0,0.0,0.0
326160.0,-0.4,0.0,0.0,10.0,0.0,0.0,0.0
326520.0,-0.5,0.0,0.0,10.0,0.0,0.0,0.0
326880.0,-0.4,0.0,0.0,10.0,0.0,0.0,0.0
327240.0,-0.4,0.0,0.0,10.0,0.0,0.0,0.0
327600.0,-0.5,0.0,0.0,10.0,0.0,0.0,0.0
327960.0,-0.5,0.0,0.0,10.0,0.0,0.0,0.0
328320.0,-0.6,0.0,0.0,10.0,0.0,0.0,0.0
328680.0,-0.6,0.0,0.0,10.0,0.0,0.0,0.0
329040.0,-0.5,0.0,0.0,10.0,0.0,0.0,0.0
329400.0,-0.6,0.0,0.0,10.0,0.0,0.0,0.0
329760.0,-0.6,0.0,0.0,10.0,0.0,0.0,0.0
330120.0,-0.9,0.0,0.0,10.0,0.0,0.0,0.0
330480.0,-1.0,0.0,0.0,10.0,0.0,0.0,0.0
330840.0,-1.1,0.0,0.0,10.0,0.0,0.0,0.0
331200.0,-1.3,0.0,0.0,10.0,0.0,0.0,0.0
331560.0,-1.4,0.0,0.0,10.0,0.0,0.0,0.0
331920.0,-1.4,0.0,0.0,10.0,0.0,0.0,0.0
332280.0,-1.5,0.0,0.0,10.0,0.0,0.0,0.0
332640.0,-1.4,0.0,0.0,10.0,0.0,0.0,0.0
333000.0,-1.6,0.0,0.0,10.0,0.0,0.0,0.0
333360.0,-1.7,0.0,0.0,10.0,0.0,0.0,0.0
333720.0,-1.4,0.0,0.0,10.0,0.0,0.0,0.0
334080.0,-1.4,0.0,0.0,10.0,0.0,0.0,0.0
334440.0,-1.5,0.0,0.0,10.0,0.0,0.0,0.0
334800.0,-1.3,0.0,0.0,10.0,0.0,0.0,0.0
335160.0,-1.2,0.0,0.0,10.0,0.0,0.0,0.0
335520.0,-1.2,0.0,0.0,10.0,0.0,0.0,0.0
335880.0,-1.1,0.0,0.0,10.0,0.0,0.0,0.0
336240.0,-1.0,0.0,0.0,10.0,0.0,0.0,0.0
336600.0,-1.0,0.0,0.0,10.0,0.0,0.0,0.0
336960.0,-0.9,0.0,0.0,10.0,0.0,0.0,0.0
337320.0,-0.8,0.0,0.0,10.0,0.0,0.0,0.0
337680.0,-0.7,0.0,0.0,10.0,0.0,0.0,0.0
338040.0,-0.6,0.0,0.0,10.0,0.0,0.0,0.0
338400.0,-0.7,0.0,0.0,10.0,0.0,0.0,0.0
338760.0,-0.8,0.0,0.0,10.0,0.0,0.0,0.0
339120.0,-0.7,0.0,0.0,10.0,0.0,0.0,0.0
339480.0,-0.7,0.0,0.0,10.0,0.0,0.0,0.0
339840.0,-0.7,0.0,0.0,10.0,0.0,0.0,0.0
340200.0,-0.9,0.0,0.0,10.0,0.0,0.0,0.0
340560.0,-1.0,0.0,0.0,10.0,0.0,0.0,0.0
340920.0,-1.0,0.0,0.0,10.0,0.0,0.0,0.0
341280.0,-0.9,0.0,0.0,10.0,0.0,0.0,0.0
341640.0,-0.9,0.0,0.0,10.0,0.0,0.0,0.0
342000.0,-0.8,0.0,0.0,10.0,0.0,0.0,0.0
342360.0,-0.9,0.0,0.0,10.0,0.0,0.0,0.0
342720.0,-0.8,0.0,0.0,10.0,0.0,0.0,0.0
343080.0,-0.8,0.0,0.0,10.0,0.0,0.0,0.0
343440.0,-0.9,0.0,0.0,10.0,0.0,0.0,0.0
343800.0,-0.9,0.0,0.0,10.0,0.0,0.0,0.0
344160.0,-1.0,0.0,0.0,10.0,0.0,0.0,0.0
344520.0,-1.1,0.0,0.0,10.0,0.0,0.0,0.0
344880.0,-1.2,0.0,0.0,10.0,0.0,0.0,0.0
345240.0,-1.4,0.0,0.0,10.0,0.0,0.0,0.0
345600.0,-1.6,0.0,0.0,10.0,0.0,0.0,0.0
345960.0,-1.5,0.0,0.0,10.0,0.0,0.0,0.0
346320.0,-1.5,0.0,0.0,10.0,0.0,0.0,0.0
346680.0,-1.5,0.0,0.0,10.0,0.0,0.0,0.0
347040.0,-1.6,0.0,0.0,10.0,0.0,0.0,0.0
347400.0,-1.7,0.0,0.0,10.0,0.0,0.0,0.0
347760.0,-1.6,0.0,0.0,10.0,0.0,0.0,0.0
348120.0,-1.7,0.0,0.0,10.0,0.0,0.0,0.0
348480.0,-1.7,0.0,0.0,10.0,0.0,0.0,0.0
348840.0,-1.8,0.0,0.0,10.0,0.0,0.0,0.0
349200.0,-1.8,0.0,0.0,10.0,0.0,0.0,0.0
349560.0,-1.9,0.0,0.0,10.0,0.0,0.0,0.0
349920.0,-1.9,0.0,0.0,10.0,0.0,0.0,0.0
350280.0,-1.9,0.0,0.0,10.0,0.0,0.0,0.0
350640.0,-2.2,0.0,0.0,10.0,0.0,0.0,0.0
351000.0,-2.4,0.0,0.0,10.0,0.0,0.0,0.0
351360.0,-2.4,0.0,0.0,10.0,0.0,0.0,0.0
351720.0,-2.5,0.0,0.0,10.0,0.0,0.0,0.0
352080.0,-2.7,0.0,0.0,10.0,0.0,0.0,0.0
352440.0,-2.8,0.0,0.0,10.0,0.0,0.0,0.0
352800.0,-2.8,0.0,0.0,10.0,0.0,0.0,0.0
353160.0,-2.8,0.0,0.0,10.0,0.0,0.0,0.0
353520.0,-2.8,0.0,0.0,10.0,0.0,0.0,0.0
353880.0,-2.7,0.0,0.0,10.0,0.0,0.0,0.0
354240.0,-2.6,0.0,0.0,10.0,0.0,0.0,0.0
354600.0,-2.7,0.0,0.0,10.0,0.0,0.0,0.0
354960.0,-2.7,0.0,0.0,10.0,0.0,0.0,0.0
355320.0,-2.9,0.0,0.0,10.0,0.0,0.0,0.0
355680.0,-3.1,0.0,0.0,10.0,0.0,0.0,0.0
356040.0,-3.2,0.0,0.0,10.0,0.0,0.0,0.0
356400.0,-3.4,0.0,0.0,10.0,0.0,0.0,0.0
356760.0,-3.4,0.0,0.0,10.0,0.0,0.0,0.0
357120.0,-3.6,0.0,0.0,10.0,0.0,0.0,0.0
357480.0,-3.7,0.0,0.0,10.0,0.0,0.0,0.0
357840.0,-3.7,0.0,0.0,10.0,0.0,0.0,0.0
358200.0,-3.9,0.0,0.0,10.0,0.0,0.0,0.0
358560.0,-3.8,0.0,0.0,10.0,0.0,0.0,0.0
358920.0,-4.0,0.0,0.0,10.0,0.0,0.0,0.0
359280.0,-4.4,0.0,0.0,10.0,0.0,0.0,0.0
359640.0,-4.6,0.0,0.0,10.0,0.0,0.0,0.0
360000.0,-4.6,0.0,0.0,10.0,0.0,0.0,0.0
360360.0,-4.7,0.0,0.0,10.0,0.0,0.0,0.0
360720.0,-4.8,0.0,0.0,10.0,0.0,0.0,0.0
361080.0,-4.9,0.0,0.0,10.0,0.0,0.0,0.0
361440.0,-5.0,0.0,0.0,10.0,0.0,0.0,0.0
361800.0,-5.1,0.0,0.0,10.0,0.0,0.0,0.0
362160.0,-5.2,0.0,0.0,10.0,0.0,0.0,0.0
362520.0,-5.1,0.0,0.0,10.0,0.0,0.0,0.0
362880.0,-5.1,0.0,0.0,10.0,0.0,0.0,0.0
363240.0,-5.2,0.0,0.0,10.0,0.0,0.0,0.0
363600.0,-5.3,0.0,0.0,10.0,0.0,0.0,0.0
363960.0,-5.3,0.0,0.0,10.0,0.0,0.0,0.0
364320.0,-5.3,0.0,0.0,10.0,0.0,0.0,0.0
364680.0,-5.4,0.0,0.0,10.0,0.0,0.0,0.0
365040.0,-5.5,0.0,0.0,10.0,0.0,0.0,0.0
365400.0,-5.5,0.0,0.0,10.0,0.0,0.0,0.0
365760.0,-5.7,0.0,0.0,10.0,0.0,0.0,0.0
366120.0,-5.9,0.0,0.0,10.0,0.0,0.0,0.0
366480.0,-6.0,0.0,0.0,10.0,0.0,0.0,0.0
366840.0,-5.9,0.0,0.0,10.0,0.0,0.0,0.0
367200.0,-5.9,0.0,0.0,10.0,0.0,0.0,0.0
367560.0,-6.3,0.0,0.0,10.0,0.0,0.0,0.0
367920.0,-6.1,0.0,0.0,10.0,0.0,0.0,0.0
368280.0,-6.2,0.0,0.0,10.0,0.0,0.0,0.0
368640.0,-6.3,0.0,0.0,10.0,0.0,0.0,0.0
369000.0,-6.5,0.0,0.0,10.0,0.0,0.0,0.0
369360.0,-6.7,0.0,0.0,10.0,0.0,0.0,0.0
369720.0,-6.5,0.0,0.0,10.0,0.0,0.0,0.0
370080.0,-6.7,0.0,0.0,10.0,0.0,0.0,0.0
370440.0,-6.9,0.0,0.0,10.0,0.0,0.0,0.0
370800.0,-6.6,0.0,0.0,10.0,0.0,0.0,0.0
371160.0,-6.9,0.0,0.0,10.0,0.0,0.0,0.0
371520.0,-6.7,0.0,0.0,10.0,0.0,0.0,0.0
371880.0,-6.8,0.0,0.0,10.0,0.0,0.0,0.0
372240.0,-7.0,0.0,0.0,10.0,0.0,0.0,0.0
372600.0,-6.9,0.0,0.0,10.0,0.0,0.0,0.0
372960.0,-6.8,0.0,0.0,10.0,0.0,0.0,0.0
373320.0,-7.4,0.0,0.0,10.0,0.0,0.0,0.0
373680.0,-7.0,0.0,0.0,10.0,0.0,0.0,0.0
374040.0,-7.2,0.0,0.0,10.0,0.0,0.0,0.0
374400.0,-7.2,0.0,0.0,10.0,0.0,0.0,0.0
374760.0,-7.2,0.0,0.0,10.0,0.0,0.0,0.0
375120.0,-7.5,0.0,0.0,10.0,0.0,0.0,0.0
375480.0,-7.4,0.0,0.0,10.0,0.0,0.0,0.0
375840.0,-7.7,0.0,0.0,10.0,0.0,0.0,0.0
376200.0,-7.6,0.0,0.0,10.0,0.0,0.0,0.0
376560.0,-7.4,0.0,0.0,10.0,0.0,0.0,0.0
376920.0,-7.5,0.0,0.0,10.0,0.0,0.0,0.0
377280.0,-7.6,0.0,0.0,10.0,0.0,0.0,0.0
377640.0,-7.7,0.0,0.0,10.0,0.0,0.0,0.0
378000.0,-7.7,0.0,0.0,10.0,0.0,0.0,0.0
378360.0,-7.7,0.0,0.0,10.0,0.0,0.0,0.0
378720.0,-7.9,0.0,0.0,10.0,0.0,0.0,0.0
379080.0,-7.8,0.0,0.0,10.0,0.0,0.0,0.0
379440.0,-7.9,0.0,0.0,10.0,0.0,0.0,0.0
379800.0,-8.0,0.0,0.0,10.0,0.0,0.0,0.0
380160.0,-7.7,0.0,0.0,10.0,0.0,0.0,0.0
380520.0,-8.0,0.0,0.0,10.0,0.0,0.0,0.0
380880.0,-7.9,0.0,0.0,10.0,0.0,0.0,0.0
381240.0,-8.0,0.0,0.0,10.0,0.0,0.0,0.0
381600.0,-8.2,0.0,0.0,10.0,0.0,0.0,0.0
381960.0,-8.2,0.0,0.0,10.0,0.0,0.0,0.0
382320.0,-8.1,0.0,0.0,10.0,0.0,0.0,0.0
382680.0,-8.5,0.0,0.0,10.0,0.0,0.0,0.0
383040.0,-8.4,0.0,0.0,10.0,0.0,0.0,0.0
383400.0,-8.0,0.0,0.0,10.0,0.0,0.0,0.0
383760.0,-8.2,0.0,0.0,10.0,0.0,0.0,0.0
384120.0,-7.9,0.0,0.0,10.0,0.0,0.0,0.0
384480.0,-7.8,0.0,0.0,10.0,0.0,0.0,0.0
384840.0,-8.2,0.0,0.0,10.0,0.0,0.0,0.0
385200.0,-8.2,0.0,0.0,10.0,0.0,0.0,0.0
385560.0,-8.3,0.0,0.0,10.0,0.0,0.0,0.0
385920.0,-8.0,0.0,0.0,10.0,0.0,0.0,0.0
386280.0,-8.2,0.0,0.0,10.0,0.0,0.0,0.0
386640.0,-8.1,0.0,0.0,10.0,0.0,0.0,0.0
387000.0,-8.2,0.0,0.0,10.0,0.0,0.0,0.0
387360.0,-8.2,0.0,0.0,10.0,0.0,0.0,0.0
387720.0,-8.5,0.0,0.0,10.0,0.0,0.0,0.0
388080.0,-8.5,0.0,0.0,10.0,0.0,0.0,0.0
388440.0,-8.7,0.0,0.0,10.0,0.0,0.0,0.0
388800.0,-8.4,0.0,0.0,10.0,0.0,0.0,0.0
389160.0,-8.5,0.0,0.0,10.0,0.0,0.0,0.0
389520.0,-8.4,0.0,0.0,10.0,0.0,0.0,0.0
389880.0,-8.5,0.0,0.0,10.0,0.0,0.0,0.0
390240.0,-8.4,0.0,0.0,10.0,0.0,0.0,0.0
390600.0,-8.4,0.0,0.0,10.0,0.0,0.0,0.0
390960.0,-8.3,0.0,0.0,10.0,0.0,0.0,0.0
391320.0,-8.6,0.0,0.0,10.0,0.0,0.0,0.0
391680.0,-8.2,0.0,0.0,10.0,0.0,0.0,0.0
392040.0,-8.3,0.0,0.0,10.0,0.0,0.0,0.0
392400.0,-8.5,0.0,0.0,10.0,0.0,0.0,0.0
392760.0,-8.2,0.0,0.0,10.0,0.0,0.0,0.0
393120.0,-8.0,0.0,0.0,10.0,0.0,0.0,0.0
393480.0,-8.0,0.0,0.0,10.0,0.0,0.0,0.0
393840.0,-7.8,0.0,0.0,10.0,0.0,0.0,0.0
394200.0,-8.1,0.0,0.0,10.0,0.0,0.0,0.0
394560.0,-8.1,0.0,0.0,10.0,0.0,0.0,0.0
394920.0,-8.1,0.0,0.0,10.0,0.0,0.0,0.0
395280.0,-8.0,0.0,0.0,10.0,0.0,0.0,0.0
395640.0,-7.7,0.0,0.0,10.0,0.0,0.0,0.0
396000.0,-8.0,0.0,0.0,10.0,0.0,0.0,0.0
396360.0,-7.7,0.0,0.0,10.0,0.0,0.0,0.0
396720.0,-7.9,0.0,0.0,10.0,0.0,0.0,0.0
397080.0,-7.6,0.0,0.0,10.0,0.0,0.0,0.0
397440.0,-7.7,0.0,0.0,10.0,0.0,0.0,0.0
397800.0,-8.0,0.0,0.0,10.0,0.0,0.0,0.0
398160.0,-8.1,0.0,0.0,10.0,0.0,0.0,0.0
398520.0,-8.2,0.0,0.0,10.0,0.0,0.0,0.0
398880.0,-7.8,0.0,0.0,10.0,0.0,0.0,0.0
399240.0,-7.9,0.0,0.0,10.0,0.0,0.0,0.0
399600.0,-8.1,0.0,0.0,10.0,0.0,0.0,0.0
399960.0,-7.9,0.0,0.0,10.0,0.0,0.0,0.0
400320.0,-7.8,0.0,0.0,10.0,0.0,0.0,0.0
400680.0,-7.8,0.0,0.0,10.0,0.0,0.0,0.0
401040.0,-7.9,0.0,0.0,10.0,0.0,0.0,0.0
401400.0,-8.3,0.0,0.0,10.0,0.0,0.0,0.0
401760.0,-8.1,0.0,0.0,10.0,0.0,0.0,0.0
402120.0,-8.2,0.0,0.0,10.0,0.0,0.0,0.0
402480.0,-8.0,0.0,0.0,10.0,0.0,0.0,0.0
402840.0,-8.2,0.0,0.0,10.0,0.0,0.0,0.0
403200.0,-8.4,0.0,0.0,10.0,0.0,0.0,0.0
403560.0,-8.6,0.0,0.0,10.0,0.0,0.0,0.0
403920.0,-8.6,0.0,0.0,10.0,0.0,0.0,0.0
404280.0,-8.8,0.0,0.0,10.0,0.0,0.0,0.0
404640.0,-8.8,0.0,0.0,10.0,0.0,0.0,0.0
405000.0,-8.5,0.0,0.0,10.0,0.0,0.0,0.0
405360.0,-8.4,0.0,0.0,10.0,0.0,0.0,0.0
405720.0,-8.2,0.0,0.0,10.0,0.0,0.0,0.0
406080.0,-8.5,0.0,0.0,10.0,0.0,0.0,0.0
406440.0,-8.8,0.0,0.0,10.0,0.0,0.0,0.0
406800.0,-8.8,0.0,0.0,10.0,0.0,0.0,0.0
407160.0,-8.6,0.0,0.0,10.0,0.0,0.0,0.0
407520.0,-8.9,0.0,0.0,10.0,0.0,0.0,0.0
407880.0,-9.2,0.0,0.0,10.0,0.0,0.0,0.0
408240.0,-9.4,0.0,0.0,10.0,0.0,0.0,0.0
408600.0,-9.5,0.0,0.0,10.0,0.0,0.0,0.0
408960.0,-9.4,0.0,0.0,10.0,0.0,0.0,0.0
409320.0,-9.8,0.0,0.0,10.0,0.0,0.0,0.0
409680.0,-9.6,0.0,0.0,10.0,0.0,0.0,0.0
410040.0,-9.5,0.0,0.0,10.0,0.0,0.0,0.0
410400.0,-9.7,0.0,0.0,10.0,0.0,0.0,0.0
410760.0,-9.7,0.0,0.0,10.0,0.0,0.0,0.0
411120.0,-9.9,0.0,0.0,10.0,0.0,0.0,0.0
411480.0,-10.2,0.0,0.0,10.0,0.0,0.0,0.0
411840.0,-10.0,0.0,0.0,10.0,0.0,0.0,0.0
412200.0,-10.4,0.0,0.0,10.0,0.0,0.0,0.0
412560.0,-10.5,0.0,0.0,10.0,0.0,0.0,0.0
412920.0,-10.2,0.0,0.0,10.0,0.0,0.0,0.0
413280.0,-10.2,0.0,0.0,10.0,0.0,0.0,0.0
413640.0,-10.3,0.0,0.0,10.0,0.0,0.0,0.0
414000.0,-10.6,0.0,0.0,10.0,0.0,0.0,0.0
414360.0,-10.7,0.0,0.0,10.0,0.0,0.0,0.0
414720.0,-10.7,0.0,0.0,10.0,0.0,0.0,0.0
415080.0,-10.8,0.0,0.0,10.0,0.0,0.0,0.0
415440.0,-10.8,0.0,0.0,10.0,0.0,0.0,0.0
415800.0,-11.0,0.0,0.0,10.0,0.0,0.0,0.0
416160.0,-11.3,0.0,0.0,10.0,0.0,0.0,0.0
416520.0,-11.3,0.0,0.0,10.0,0.0,0.0,0.0
416880.0,-11.2,0.0,0.0,10.0,0.0,0.0,0.0
417240.0,-11.3,0.0,0.0,10.0,0.0,0.0,0.0
417600.0,-11.0,0.0,0.0,10.0,0.0,0.0,0.0
417960.0,-11.1,0.0,0.0,10.0,0.0,0.0,0.0
418320.0,-11.3,0.0,0.0,10.0,0.0,0.0,0.0
418680.0,-11.2,0.0,0.0,10.0,0.0,0.0,0.0
419040.0,-11.3,0.0,0.0,10.0,0.0,0.0,0.0
419400.0,-11.3,0.0,0.0,10.0,0.0,0.0,0.0
419760.0,-11.7,0.0,0.0,10.0,0.0,0.0,0.0
420120.0,-11.1,0.0,0.0,10.0,0.0,0.0,0.0
420480.0,-11.5,0.0,0.0,10.0,0.0,0.0,0.0
420840.0,-11.8,0.0,0.0,10.0,0.0,0.0,0.0
421200.0,-11.7,0.0,0.0,10.0,0.0,0.0,0.0
421560.0,-11.9,0.0,0.0,10.0,0.0,0.0,0.0
421920.0,-12.0,0.0,0.0,10.0,0.0,0.0,0.0
422280.0,-12.1,0.0,0.0,10.0,0.0,0.0,0.0
422640.0,-12.1,0.0,0.0,10.0,0.0,0.0,0.0
423000.0,-12.2,0.0,0.0,10.0,0.0,0.0,0.0
423360.0,-12.2,0.0,0.0,10.0,0.0,0.0,0.0
423720.0,-12.2,0.0,0.0,10.0,0.0,0.0,0.0
424080.0,-12.2,0.0,0.0,10.0,0.0,0.0,0.0
424440.0,-12.3,0.0,0.0,10.0,0.0,0.0,0.0
424800.0,-12.3,0.0,0.0,10.0,0.0,0.0,0.0
425160.0,-12.4,0.0,0.0,10.0,0.0,0.0,0.0
425520.0,-12.3,0.0,0.0,10.0,0.0,0.0,0.0
425880.0,-12.4,0.0,0.0,10.0,0.0,0.0,0.0
426240.0,-12.3,0.0,0.0,10.0,0.0,0.0,0.0
426600.0,-12.9,0.0,0.0,10.0,0.0,0.0,0.0
426960.0,-12.6,0.0,0.0,10.0,0.0,0.0,0.0
427320.0,-12.9,0.0,0.0,10.0,0.0,0.0,0.0
427680.0,-12.7,0.0,0.0,10.0,0.0,0.0,0.0
428040.0,-13.0,0.0,0.0,10.0,0.0,0.0,0.0
428400.0,-12.9,0.0,0.0,10.0,0.0,0.0,0.0
428760.0,-12.8,0.0,0.0,10.0,0.0,0.0,0.0
429120.0,-13.0,0.0,0.0,10.0,0.0,0.0,0.0
429480.0,-13.3,0.0,0.0,10.0,0.0,0.0,0.0
429840.0,-13.2,0.0,0.0,10.0,0.0,0.0,0.0
430200.0,-13.4,0.0,0.0,10.0,0.0,0.0,0.0
430560.0,-13.1,0.0,0.0,10.0,0.0,0.0,0.0
430920.0,-13.6,0.0,0.0,10.0,0.0,0.0,0.0
431280.0,-13.3,0.0,0.0,10.0,0.0,0.0,0.0
431640.0,-13.9,0.0,0.0,10.0,0.0,0.0,0.0
432000.0,-13.6,0.0,0.0,10.0,0.0,0.0,0.0
