0	0
2	0
4	0
6	0
8	0
10	0
12	0
14	0
16	0
18	0
20	0
22	0
24	0
26	0
28	0
30	0
32	0
34	0
36	0
38	0
40	0
42	0
44	0
46	0
48	0
50	0
52	0
54	0
56	0
58	0
60	0
62	0
64	0
66	0
68	0
70	0
72	0
74	0
76	0
78	0
80	0
82	0
84	0
86	0
88	0
90	0
92	0
94	0
96	0
98	0
100	0
102	0
104	0
106	0
108	0
110	0
112	0
114	0
116	0
118	0
120	0
122	0
124	0
126	0
128	0
130	0
132	0
134	0
136	0
138	0
140	0
142	0
144	0
146	0
148	0
150	0
152	0
154	0
156	0
158	0
160	0
162	0
164	0
166	0
168	0
170	0
172	0
174	0
176	0
178	0
180	0
182	0
184	0
186	0
188	0
190	0
192	0
194	0
196	0
198	0
200	0
202	0
204	0
206	0
208	0
210	0
212	0
214	0
216	0
218	0
220	0
222	0
224	0
226	0
228	0
230	0
232	0
234	0
236	0
238	0
240	0
242	0
244	0
246	0
248	0
250	0
252	0
254	0
256	0
258	0
260	0
262	0
264	0
266	0
268	0
270	0
272	0
274	0
276	0
278	0
280	0
282	0
284	0
286	0
288	0
290	0
292	0
294	0
296	0
298	0
300	0
302	0
304	0
306	0
308	0
310	0
312	0
314	0
316	0
318	0
320	0
322	0
324	0
326	0
328	0
330	0
332	0
334	0
336	0
338	0
340	0
342	0
344	0
346	0
348	0
350	0
352	0
354	0
356	0
358	0
360	0
362	0
364	0
366	0
368	0
370	0
372	0
374	0
376	0
378	0
380	0
382	0
384	0
386	0
388	0
390	0
392	0
394	0
396	0
398	0
400	0
402	0
404	0
406	0
408	0
410	0
412	0
414	0
416	0
418	0
420	0
422	0
424	0
426	0
428	0
430	0
432	0
434	0
436	0
438	0
440	0
442	0
444	0
446	0
448	0
450	0
452	0
454	0
456	0
458	0
460	0
462	0
464	0
466	0
468	0
470	0
472	0
474	0
476	0
478	0
480	0.0816044260027677
482	0.163208852005535
484	0.163208852005535
486	0.163208852005535
488	1.16689718764408
490	1.24850161364685
492	2.25218994928539
494	2.33379437528816
496	2.79483633010605
498	4.72060857538037
500	4.72060857538037
502	6.1853388658368
504	7.65006915629324
506	9.95527893038268
508	12.72153065929
510	14.1046565237437
512	15.9488243430152
514	19.1761180267404
516	18.7150760719226
518	20.5592438911941
520	22.4034117104657
522	23.3254956201014
524	21.4813278008299
526	19.1761180267404
528	17.3319502074689
530	18.2540341171047
532	15.9488243430152
534	17.3319502074689
536	17.7929921622868
538	15.9488243430152
540	17.7929921622868
542	20.0982019363762
544	21.9423697556478
546	24.2475795297372
548	25.169663439373
550	28.8579990779161
552	28.8579990779161
554	30.2411249423698
556	32.5463347164592
558	31.1632088520055
560	28.8579990779161
562	30.2411249423698
564	29.319041032734
566	29.7800829875519
568	29.7800829875519
570	30.2411249423698
572	29.7800829875519
574	30.2411249423698
576	30.2411249423698
578	32.5463347164592
580	32.0852927616413
582	33.468418626095
584	33.468418626095
586	31.1632088520055
588	30.7021668971877
590	30.7021668971877
592	28.3969571230982
594	30.2411249423698
596	30.7021668971877
598	28.8579990779161
600	27.9359151682803
602	26.0917473490088
604	24.2475795297372
606	22.4034117104657
608	21.4813278008299
610	23.3254956201014
612	20.0982019363762
614	19.6371599815583
616	21.4813278008299
618	21.020285846012
620	20.0982019363762
622	22.4034117104657
624	25.6307053941909
626	24.7086214845551
628	25.169663439373
630	25.6307053941909
632	25.169663439373
634	23.3254956201014
636	23.3254956201014
638	26.0917473490088
640	24.7086214845551
642	22.4034117104657
644	21.4813278008299
646	18.2540341171047
648	19.1761180267405
650	18.7150760719226
652	19.6371599815583
654	19.6371599815583
656	18.7150760719226
658	19.1761180267404
660	19.6371599815583
662	21.4813278008299
664	23.7865375749193
666	22.8644536652836
668	20.0982019363762
670	21.9423697556478
672	21.9423697556478
674	20.5592438911941
676	20.0982019363762
678	19.6371599815583
680	18.7150760719226
682	16.4098662978331
684	17.3319502074689
686	19.6371599815583
688	15.4061779621946
690	13.4804057169203
692	11.6362378976487
694	11.1751959428308
696	9.79207007837714
698	10.7141539880129
700	9.71046565237437
702	6.86260949746428
704	5.9405255878285
706	5.9405255878285
708	5.9405255878285
710	7.78469340710005
712	7.78469340710005
714	8.24573536191794
716	5.85892116182573
718	6.86260949746428
720	7.40525587828493
722	6.48317196864916
724	7.02581834946981
726	7.02581834946981
728	5.64269248501615
730	4.17796219455971
732	3.17427385892117
734	5.10004610419549
736	4.09635776855695
738	3.63531581373906
740	5.01844167819272
742	4.47579529737207
744	5.47948363301061
746	5.01844167819272
748	5.01844167819272
750	5.01844167819272
752	4.55739972337483
754	4.55739972337483
756	4.47579529737207
758	4.47579529737207
760	4.55739972337483
762	3.55371138773629
764	4.01475334255418
766	4.01475334255418
768	4.01475334255418
770	2.63162747810051
772	2.63162747810051
774	2.63162747810051
776	0.705855232826192
778	0.624250806823424
780	1.16689718764408
782	0.624250806823424
784	0.624250806823424
786	1.16689718764408
788	1.16689718764408
790	1.70954356846474
792	1.70954356846474
794	1.70954356846474
796	1.70954356846474
798	1.16689718764408
800	1.24850161364685
802	1.7911479944675
804	1.24850161364685
806	1.70954356846474
808	1.16689718764408
810	1.16689718764408
812	1.16689718764408
814	1.16689718764408
816	1.16689718764408
818	1.08529276164131
820	0.542646380820656
822	0.624250806823424
824	0.0816044260027677
826	0.0816044260027677
828	1.08529276164131
830	1.08529276164131
832	2.08898109727986
834	3.0926694329184
836	3.0926694329184
838	3.0926694329184
840	3.01106500691563
842	3.0926694329184
844	4.09635776855695
846	3.63531581373906
848	3.63531581373906
850	2.63162747810051
852	1.62793914246197
854	1.62793914246197
856	1.62793914246197
858	1.62793914246197
860	1.5463347164592
862	0.542646380820656
864	0
866	0.0816044260027677
868	0.163208852005535
870	0.163208852005535
872	0.163208852005535
874	0.163208852005535
876	0.163208852005535
878	0.163208852005535
880	0.163208852005535
882	0.163208852005535
884	0.0816044260027677
886	0
888	0
890	0
892	0
894	0
896	0
898	0
900	0
902	0
904	0
906	0
908	0
910	0
912	0
914	0
916	0
918	0
920	0
922	0
924	0
926	0
928	0
930	0
932	0
934	0
936	0
938	0
940	0
942	0
944	0
946	0
948	0
950	0
952	0
954	0
956	0
958	0
960	0
962	0
964	0
966	0
968	0
970	0
972	0
974	0
976	0
978	0
980	0
982	0
984	0
986	0
988	0
990	0
992	0
994	0
996	0
998	0
1000	0
