 # canal_chatou.f
 # k=10*k
 # eps=25*eps
u_plus_x_1_tel k_plus_x_1_tel eps_plus_x_1_tel y_1_tel u_plus_x_2_tel k_plus_x_2_tel eps_plus_x_2_tel y_2_tel u_plus_x_3_tel k_plus_x_3_tel eps_plus_x_3_tel y_3_tel u_plus_x_4_tel k_plus_x_4_tel eps_plus_x_4_tel y_4_tel u_plus_x_5_tel k_plus_x_5_tel eps_plus_x_5_tel y_5_tel u_plus_x_6_tel k_plus_x_6_tel eps_plus_x_6_tel y_6_tel u_plus_x_7_tel k_plus_x_7_tel eps_plus_x_7_tel y_7_tel  
   -1.677540   -1.985650   -1.989900    0.010000    0.000000    0.000000    0.000000    0.010000    0.807910    1.024403    1.009676    0.010000    1.804078    2.023076    2.010861    0.010000    2.907178    3.017646    3.007520    0.010000    3.996283    4.011198    4.004642    0.010000    5.085695    5.009614    5.003503    0.010000 
   -1.674224   -1.984168   -1.988849    0.020000    0.000000    0.000000    0.000000    0.020000    0.809306    1.042269    1.016384    0.020000    1.807989    2.037833    2.017903    0.020000    2.910736    3.034090    3.014757    0.020000    4.000240    4.022379    4.009282    0.020000    5.089129    5.018354    5.006833    0.020000 
   -1.667717   -1.981210   -1.986757    0.040000    0.000000    0.000000    0.000000    0.040000    0.813091    1.061781    1.023985    0.040000    1.815812    2.067347    2.031989    0.040000    2.917810    3.067469    3.029401    0.040000    4.008153    4.044740    4.018564    0.040000    5.096239    5.033174    5.012658    0.040000 
   -1.661039   -1.978385   -1.984710    0.060000    0.000000    0.000000    0.000000    0.060000    0.817878    1.076881    1.030028    0.060000    1.823546    2.098662    2.046756    0.060000    2.924866    3.101051    3.044114    0.060000    4.017203    4.062380    4.026603    0.060000    5.103476    5.046608    5.018048    0.060000 
   -1.652429   -1.976139   -1.982783    0.080000    0.000000    0.000000    0.000000    0.080000    0.823478    1.089567    1.035261    0.080000    1.831266    2.130258    2.061630    0.080000    2.931976    3.133968    3.058589    0.080000    4.026305    4.079804    4.034585    0.080000    5.110713    5.060042    5.023439    0.080000 
   -1.643410   -1.973975   -1.980851    0.100000    0.000000    0.000000    0.000000    0.100000    0.829799    1.100747    1.040042    0.100000    1.839176    2.160403    2.075996    0.100000    2.941059    3.149738    3.067236    0.100000    4.035407    4.097227    4.042567    0.100000    5.117950    5.073476    5.028829    0.100000 
   -1.634390   -1.971811   -1.978919    0.120000    0.000000    0.000000    0.000000    0.120000    0.836724    1.110854    1.044524    0.120000    1.849477    2.178037    2.086459    0.120000    2.950349    3.164884    3.075766    0.120000    4.044509    4.114650    4.050549    0.120000    5.125187    5.086909    5.034219    0.120000 
   -1.624909   -1.970092   -1.977148    0.140000    0.000000    0.000000    0.000000    0.140000    0.844259    1.120085    1.048810    0.140000    1.860500    2.193392    2.096387    0.140000    2.959617    3.180043    3.084293    0.140000    4.053611    4.132073    4.058531    0.140000    5.132424    5.100343    5.039609    0.140000 
   -1.615276   -1.968491   -1.975407    0.160000    0.000000    0.000000    0.000000    0.160000    0.852313    1.128680    1.052988    0.160000    1.871494    2.208759    2.106300    0.160000    2.968884    3.195202    3.092821    0.160000    4.062713    4.149496    4.066512    0.160000    5.139661    5.113777    5.045000    0.160000 
   -1.605348   -1.967112   -1.973716    0.180000    0.000000    0.000000    0.000000    0.180000    0.860885    1.136694    1.057095    0.180000    1.882404    2.224167    2.116169    0.180000    2.980096    3.208153    3.101558    0.180000    4.072185    4.163369    4.073403    0.180000    5.147963    5.121407    5.048948    0.180000 
   -1.595419   -1.965733   -1.972025    0.200000    0.000000    0.000000    0.000000    0.200000    0.869962    1.144264    1.061202    0.200000    1.893528    2.239391    2.126108    0.200000    2.991352    3.221052    3.110300    0.200000    4.082250    4.172826    4.078999    0.200000    5.156267    5.129019    5.052893    0.200000 
   -1.585697   -1.964660   -1.970486    0.220000    0.000000    0.000000    0.000000    0.220000    0.879532    1.151425    1.065341    0.220000    1.907017    2.252690    2.136761    0.220000    3.002755    3.233644    3.118921    0.220000    4.093818    4.180402    4.084633    0.220000    5.165742    5.134453    5.056476    0.220000 
   -1.576013   -1.963644   -1.968976    0.240000    0.000000    0.000000    0.000000    0.240000    0.889571    1.158224    1.069542    0.240000    1.920854    2.265652    2.147458    0.240000    3.015192    3.245192    3.127639    0.240000    4.105385    4.187978    4.090267    0.240000    5.175393    5.139555    5.060004    0.240000 
   -1.566589   -1.962960   -1.967620    0.260000    0.000000    0.000000    0.000000    0.260000    0.900172    1.164745    1.073922    0.260000    1.934691    2.278613    2.158155    0.260000    3.028293    3.256153    3.136479    0.260000    4.116952    4.195553    4.095901    0.260000    5.185045    5.144657    5.063533    0.260000 
   -1.557221   -1.962326   -1.966290    0.280000    0.000000    0.000000    0.000000    0.280000    0.911266    1.171054    1.078503    0.280000    1.949687    2.290697    2.169277    0.280000    3.041417    3.267139    3.145354    0.280000    4.128520    4.203129    4.101535    0.280000    5.194697    5.149760    5.067061    0.280000 
   -1.548013   -1.961720   -1.964981    0.300000    0.000000    0.000000    0.000000    0.300000    0.922889    1.177205    1.083366    0.300000    1.965239    2.302371    2.180519    0.300000    3.055644    3.276558    3.154074    0.300000    4.140087    4.210705    4.107169    0.300000    5.204349    5.154862    5.070589    0.300000 
   -1.539684   -1.961403   -1.963868    0.320000    0.000000    0.000000    0.000000    0.320000    0.935171    1.183247    1.088668    0.320000    1.981904    2.313105    2.192007    0.320000    3.070006    3.285784    3.162775    0.320000    4.151654    4.218280    4.112803    0.320000    5.214311    5.159513    5.074047    0.320000 
   -1.531474   -1.961124   -1.962782    0.340000    0.000000    0.000000    0.000000    0.340000    0.948069    1.189257    1.094466    0.340000    1.998872    2.323578    2.203568    0.340000    3.084922    3.294543    3.171557    0.340000    4.163614    4.225112    4.118237    0.340000    5.225659    5.162399    5.077304    0.340000 
   -1.523262   -1.960847   -1.961697    0.360000    0.000000    0.000000    0.000000    0.360000    0.961684    1.195319    1.100934    0.360000    2.016731    2.333261    2.215241    0.360000    3.100808    3.301744    3.179973    0.360000    4.177970    4.228455    4.122997    0.360000    5.236999    5.165302    5.080567    0.360000 
   -1.515963   -1.960717   -1.960775    0.380000    0.000000    0.000000    0.000000    0.380000    0.976147    1.201515    1.108307    0.380000    2.035465    2.342114    2.226975    0.380000    3.116816    3.308709    3.188316    0.380000    4.192503    4.231575    4.127726    0.380000    5.248340    5.168205    5.083829    0.380000 
   -1.508941   -1.960620   -1.959892    0.400000    0.000000    0.000000    0.000000    0.400000    0.991462    1.207919    1.116693    0.400000    2.055387    2.349802    2.238753    0.400000    3.132858    3.315643    3.196661    0.400000    4.207037    4.234696    4.132455    0.400000    5.259680    5.171108    5.087091    0.400000 
   -1.501920   -1.960522   -1.959008    0.420000    0.000000    0.000000    0.000000    0.420000    1.007882    1.214670    1.126522    0.420000    2.075309    2.357491    2.250530    0.420000    3.150523    3.320422    3.204473    0.420000    4.221571    4.237816    4.137184    0.420000    5.271020    5.174011    5.090354    0.420000 
   -1.496164   -1.960505   -1.958301    0.440000    0.000000    0.000000    0.000000    0.440000    1.025473    1.221849    1.138012    0.440000    2.095878    2.364604    2.262422    0.440000    3.168371    3.324776    3.212085    0.440000    4.236075    4.241000    4.141936    0.440000    5.283368    5.175695    5.093421    0.440000 
   -1.490701   -1.960507   -1.957636    0.460000    0.000000    0.000000    0.000000    0.460000    1.044397    1.229563    1.151527    0.460000    2.117810    2.370277    2.274268    0.460000    3.186218    3.329131    3.219698    0.460000    4.250550    4.244246    4.146709    0.460000    5.296068    5.176951    5.096420    0.460000 
   -1.485401   -1.960516   -1.956987    0.480000    0.000000    0.000000    0.000000    0.480000    1.065018    1.237977    1.167745    0.480000    2.140924    2.374475    2.285793    0.480000    3.205524    3.330666    3.226081    0.480000    4.265025    4.247492    4.151483    0.480000    5.309176    5.176862    5.098973    0.480000 
   -1.481279   -1.960551   -1.956492    0.500000   -0.087332    0.000999    0.000225    0.500000    1.087313    1.247076    1.186731    0.500000    2.164039    2.378672    2.297318    0.500000    3.224853    3.332158    3.232446    0.500000    4.281886    4.246091    4.154462    0.500000    5.322311    5.176682    5.101496    0.500000 
   -1.477080   -1.960583   -1.955986    0.520000    0.125061    0.643539    4.920950    0.520000    1.111758    1.257025    1.209361    0.520000    2.188300    2.381417    2.308353    0.520000    3.244200    3.333765    3.238923    0.520000    4.298999    4.243924    4.157045    0.520000    5.335445    5.176503    5.104019    0.520000 
   -1.473213   -1.960621   -1.955518    0.540000    0.341132    0.750474    5.189551    0.540000    1.138489    1.267698    1.235707    0.540000    2.213461    2.383081    2.319075    0.540000    3.265150    3.332228    3.243773    0.540000    4.316112    4.241757    4.159628    0.540000    5.348580    5.176324    5.106543    0.540000 
   -1.469655   -1.960669   -1.955087    0.560000    0.499345    0.629209    3.329579    0.560000    1.167789    1.279041    1.266106    0.560000    2.238812    2.384486    2.329674    0.560000    3.286103    3.330394    3.248395    0.560000    4.333225    4.239590    4.162211    0.560000    5.361952    5.175804    5.108976    0.560000 
   -1.466450   -1.960715   -1.954702    0.580000    0.600474    0.499149    1.935840    0.580000    1.199648    1.290721    1.300015    0.580000    2.266340    2.382937    2.338860    0.580000    3.307056    3.328559    3.253017    0.580000    4.350338    4.237422    4.164795    0.580000    5.376124    5.174005    5.111045    0.580000 
   -1.464002   -1.960749   -1.954414    0.600000    0.658237    0.400334    1.158960    0.600000    1.234463    1.302317    1.337063    0.600000    2.293868    2.381388    2.348046    0.600000    3.329396    3.323699    3.255781    0.600000    4.367451    4.235255    4.167378    0.600000    5.390376    5.171971    5.113028    0.600000 
   -1.461553   -1.960783   -1.954125    0.620000    0.690963    0.328758    0.747250    0.620000    1.271795    1.313311    1.375624    0.620000    2.321894    2.377997    2.355458    0.620000    3.351970    3.318331    3.258233    0.620000    4.384658    4.232903    4.169870    0.620000    5.404628    5.169937    5.115012    0.620000 
   -1.459325   -1.960823   -1.953863    0.640000    0.710883    0.272669    0.515051    0.640000    1.311954    1.322956    1.414204    0.640000    2.351584    2.371598    2.360533    0.640000    3.374480    3.312818    3.260556    0.640000    4.403392    4.227208    4.170649    0.640000    5.418880    5.167904    5.116995    0.640000 
   -1.457705   -1.960833   -1.953657    0.660000    0.722523    0.224487    0.368101    0.660000    1.354428    1.330430    1.450172    0.660000    2.381316    2.365269    2.365747    0.660000    3.397931    3.304650    3.260931    0.660000    4.421962    4.220579    4.170739    0.660000    5.433533    5.164960    5.118617    0.660000 
   -1.456169   -1.960836   -1.953458    0.680000    0.729682    0.182238    0.269663    0.680000    1.399076    1.334790    1.480729    0.680000    2.412187    2.356646    2.368504    0.680000    3.421865    3.295403    3.260540    0.680000    4.440533    4.213949    4.170829    0.680000    5.448573    5.161141    5.119890    0.680000 
   -1.454630   -1.960840   -1.953259    0.700000    0.734666    0.145985    0.200474    0.700000    1.445312    1.335574    1.503845    0.700000    2.443958    2.345431    2.368269    0.700000    3.445861    3.286224    3.260229    0.700000    4.459103    4.207320    4.170919    0.700000    5.463612    5.157321    5.121163    0.700000 
   -1.453052   -1.960846   -1.953055    0.720000    0.737973    0.116633    0.154757    0.720000    1.492735    1.331757    1.516394    0.720000    2.475993    2.331730    2.364830    0.720000    3.470404    3.275340    3.258472    0.720000    4.477674    4.200690    4.171009    0.720000    5.478652    5.153501    5.122436    0.720000 
   -1.451821   -1.960814   -1.952869    0.740000    0.740511    0.093848    0.124140    0.740000    1.540607    1.323195    1.517544    0.740000    2.508027    2.318028    2.361390    0.740000    3.495368    3.262820    3.255318    0.740000    4.496244    4.194061    4.171099    0.740000    5.493437    5.149692    5.123700    0.740000 
   -1.450749   -1.960773   -1.952696    0.760000    0.742690    0.078460    0.106859    0.760000    1.588345    1.310316    1.508103    0.760000    2.540493    2.303334    2.356565    0.760000    3.520212    3.250292    3.252146    0.760000    4.514815    4.187432    4.171189    0.760000    5.508175    5.145885    5.124961    0.760000 
   -1.449676   -1.960732   -1.952523    0.780000    0.744859    0.068418    0.097099    0.780000    1.635228    1.293046    1.487869    0.780000    2.573086    2.284697    2.345828    0.780000    3.545152    3.237208    3.248330    0.780000    4.533796    4.179501    4.170346    0.780000    5.522444    5.141803    5.125959    0.780000 
   -1.448604   -1.960689   -1.952348    0.800000    0.747223    0.062680    0.092423    0.800000    1.680373    1.271908    1.458361    0.800000    2.605511    2.266093    2.335216    0.800000    3.570333    3.222757    3.242929    0.800000    4.551708    4.172084    4.169605    0.800000    5.536529    5.137614    5.126854    0.800000 
   -1.447551   -1.960612   -1.952150    0.820000    0.749678    0.059121    0.090019    0.820000    1.723152    1.248083    1.422781    0.820000    2.637936    2.247489    2.324604    0.820000    3.595514    3.208305    3.237527    0.820000    4.568669    4.165243    4.169049    0.820000    5.550613    5.133424    5.127750    0.820000 
   -1.446498   -1.960535   -1.951953    0.840000    0.752118    0.057140    0.089151    0.840000    1.762521    1.222682    1.384304    0.840000    2.667340    2.229050    2.312386    0.840000    3.620663    3.193868    3.232135    0.840000    4.585629    4.158401    4.168494    0.840000    5.564698    5.129235    5.128645    0.840000 
   -1.445445   -1.960458   -1.951755    0.860000    0.754444    0.055848    0.088914    0.860000    1.797891    1.197346    1.346966    0.860000    2.696544    2.210623    2.300062    0.860000    3.643727    3.180613    3.226575    0.860000    4.602589    4.151560    4.167938    0.860000    5.578783    5.125045    5.129540    0.860000 
   -1.444368   -1.960363   -1.951537    0.880000    0.756517    0.054989    0.089027    0.880000    1.828938    1.173379    1.313407    0.880000    2.725691    2.192269    2.287663    0.880000    3.666811    3.167337    3.220992    0.880000    4.619550    4.144718    4.167383    0.880000    5.592867    5.120856    5.130435    0.880000 
   -1.443269   -1.960259   -1.951308    0.900000    0.758452    0.054432    0.089340    0.900000    1.855305    1.151771    1.285027    0.900000    2.750746    2.177097    2.277568    0.900000    3.689895    3.154061    3.215410    0.900000    4.636510    4.137877    4.166827    0.900000    5.607021    5.116627    5.131328    0.900000 
   -1.442171   -1.960155   -1.951078    0.920000    0.760070    0.054020    0.089722    0.920000    1.876601    1.133338    1.262527    0.920000    2.772975    2.164094    2.269172    0.920000    3.710012    3.143590    3.211202    0.920000    4.652982    4.131277    4.166282    0.920000    5.620541    5.112704    5.132233    0.920000 
   -1.441058   -1.960047   -1.950843    0.940000    0.761461    0.053746    0.090159    0.940000    1.893195    1.118266    1.245390    0.940000    2.795373    2.150950    2.260744    0.940000    3.728875    3.134304    3.207575    0.940000    4.668041    4.125376    4.165765    0.940000    5.631292    5.110072    5.133277    0.940000 
   -1.439873   -1.959919   -1.950581    0.960000    0.762631    0.053577    0.090636    0.960000    1.904833    1.107094    1.233492    0.960000    2.814337    2.140381    2.254216    0.960000    3.747738    3.125019    3.203947    0.960000    4.681778    4.120348    4.165579    0.960000    5.642065    5.107439    5.134332    0.960000 
   -1.438689   -1.959791   -1.950318    0.980000    0.763600    0.053482    0.091123    0.980000    1.912561    1.099340    1.225535    0.980000    2.830180    2.132146    2.249407    0.980000    3.763850    3.117833    3.201548    0.980000    4.693611    4.116579    4.165868    0.980000    5.652838    5.104806    5.135387    0.980000 
   -1.437518   -1.959663   -1.950057    1.000000    0.764379    0.053441    0.091587    1.000000    1.917532    1.094108    1.220096    1.000000    2.846135    2.123682    2.244297    1.000000    3.776097    3.113512    3.200739    1.000000    4.705443    4.112809    4.166157    1.000000    5.663610    5.102172    5.136442    1.000000 
   -1.436350   -1.959524   -1.949785    1.020000    0.765013    0.053445    0.092047    1.020000    1.920807    1.090561    1.216244    1.020000    2.858247    2.117632    2.240810    1.020000    3.788351    3.109180    3.199923    1.020000    4.717275    4.109040    4.166446    1.020000    5.674383    5.099539    5.137497    1.020000 
   -1.435175   -1.959378   -1.949506    1.040000    0.765495    0.053485    0.092495    1.040000    1.922947    1.088200    1.213501    1.040000    2.868814    2.112672    2.238160    1.040000    3.800605    3.104849    3.199108    1.040000    4.729108    4.105271    4.166736    1.040000    5.685156    5.096906    5.138552    1.040000 
   -1.433984   -1.959232   -1.949225    1.060000    0.765829    0.053548    0.092923    1.060000    1.924296    1.086678    1.211537    1.060000    2.878928    2.107981    2.235692    1.060000    3.808534    3.102818    3.199455    1.060000    4.740940    4.101501    4.167025    1.060000    5.694200    5.094920    5.139594    1.060000 
   -1.432796   -1.959085   -1.948945    1.080000    0.766070    0.053627    0.093322    1.080000    1.925140    1.085644    1.210010    1.080000    2.885157    2.105326    2.234401    1.080000    3.816051    3.101008    3.199914    1.080000    4.752643    4.097799    4.167329    1.080000    5.701310    5.093657    5.140622    1.080000 
   -1.431670   -1.958931   -1.948665    1.100000    0.766241    0.053721    0.093697    1.100000    1.925560    1.084955    1.208771    1.100000    2.891387    2.102670    2.233111    1.100000    3.822764    3.099563    3.200525    1.100000    4.761340    4.095656    4.167978    1.100000    5.708420    5.092395    5.141649    1.100000 
   -1.430560   -1.958776   -1.948389    1.120000    0.766363    0.053828    0.094055    1.120000    1.925693    1.084441    1.207652    1.120000    2.897227    2.100295    2.232033    1.120000    3.828109    3.098597    3.201241    1.120000    4.769466    4.093735    4.168656    1.120000    5.715531    5.091132    5.142677    1.120000 
   -1.429463   -1.958622   -1.948114    1.140000    0.766444    0.053947    0.094407    1.140000    1.925539    1.084054    1.206597    1.140000    2.900133    2.099345    2.231689    1.140000    3.832888    3.097826    3.201995    1.140000    4.774405    4.093056    4.169499    1.140000    5.722641    5.089870    5.143705    1.140000 
   -1.428472   -1.958468   -1.947856    1.160000    0.766499    0.054075    0.094750    1.160000    1.925175    1.083730    1.205550    1.160000    2.903006    2.098408    2.231347    1.160000    3.837352    3.097157    3.202751    1.160000    4.779345    4.092377    4.170343    1.160000    5.729140    5.088738    5.144662    1.160000 
   -1.427588   -1.958316   -1.947615    1.180000    0.766525    0.054209    0.095084    1.180000    1.924614    1.083450    1.204498    1.180000    2.905958    2.097416    2.230959    1.180000    3.841223    3.096684    3.203512    1.180000    4.784285    4.091698    4.171186    1.180000    5.733583    5.088055    5.145384    1.180000 
   -1.426704   -1.958164   -1.947374    1.200000    0.766556    0.054351    0.095421    1.200000    1.923908    1.083196    1.203436    1.200000    2.907695    2.096875    2.230717    1.200000    3.843929    3.096416    3.204135    1.200000    4.789286    4.091000    4.172031    1.200000    5.738026    5.087371    5.146106    1.200000 
   -1.425858   -1.958013   -1.947139    1.220000    0.766564    0.054497    0.095757    1.220000    1.923095    1.082959    1.202368    1.220000    2.908757    2.096590    2.230562    1.220000    3.846502    3.096171    3.204743    1.220000    4.794825    4.090137    4.172893    1.220000    5.742470    5.086688    5.146828    1.220000 
   -1.425421   -1.957878   -1.946984    1.240000    0.766583    0.054645    0.096083    1.240000    1.922205    1.082735    1.201304    1.240000    2.909819    2.096304    2.230406    1.240000    3.848943    3.095947    3.205327    1.240000    4.797227    4.089907    4.173425    1.240000    5.746913    5.086004    5.147551    1.240000 
   -1.424984   -1.957742   -1.946829    1.260000    0.766581    0.054793    0.096394    1.260000    1.921255    1.082524    1.200249    1.260000    2.910683    2.096064    2.230231    1.260000    3.850805    3.095800    3.205785    1.260000    4.798889    4.089819    4.173891    1.260000    5.751356    5.085320    5.148273    1.260000 
   -1.424548   -1.957607   -1.946674    1.280000    0.766532    0.054934    0.096678    1.280000    1.920259    1.082322    1.199205    1.280000    2.911076    2.095935    2.230009    1.280000    3.852171    3.095694    3.206102    1.280000    4.800552    4.089730    4.174356    1.280000    5.755133    5.084749    5.148880    1.280000 
   -1.424407   -1.957485   -1.946573    1.300000    0.766449    0.055069    0.096941    1.300000    1.919227    1.082129    1.198174    1.300000    2.911409    2.095813    2.229777    1.300000    3.853536    3.095588    3.206419    1.300000    4.802215    4.089642    4.174821    1.300000    5.757554    5.084406    5.149254    1.300000 
   -1.424548   -1.957377   -1.946524    1.320000    0.766311    0.055198    0.097183    1.320000    1.918176    1.081945    1.197167    1.320000    2.911725    2.095692    2.229542    1.320000    3.854752    3.095489    3.206695    1.320000    4.803876    4.089553    4.175286    1.320000    5.759976    5.084063    5.149628    1.320000 
   -1.424805   -1.957268   -1.946490    1.340000    0.766104    0.055317    0.097391    1.340000    1.917108    1.081770    1.196184    1.340000    2.911716    2.095575    2.229188    1.340000    3.855356    3.095399    3.206735    1.340000    4.804051    4.089426    4.175161    1.340000    5.761747    5.083760    5.149846    1.340000 
   -1.425079   -1.957160   -1.946458    1.360000    0.765804    0.055421    0.097555    1.360000    1.916024    1.081598    1.195212    1.360000    2.911660    2.095460    2.228817    1.360000    3.855861    3.095307    3.206730    1.360000    4.804227    4.089299    4.175036    1.360000    5.762762    5.083506    5.149883    1.360000 
   -1.426444   -1.957119   -1.946662    1.380000    0.765404    0.055508    0.097668    1.380000    1.914913    1.081430    1.194254    1.380000    2.911587    2.095342    2.228439    1.380000    3.856365    3.095216    3.206725    1.380000    4.804402    4.089172    4.174911    1.380000    5.763776    5.083251    5.149920    1.380000 
   -1.428111   -1.957096   -1.946930    1.400000    0.764873    0.055576    0.097721    1.400000    1.913765    1.081260    1.193293    1.400000    2.911297    2.095199    2.227939    1.400000    3.856580    3.095103    3.206585    1.400000    4.804563    4.089043    4.174771    1.400000    5.764790    5.082996    5.149957    1.400000 
   -1.429865   -1.957086   -1.947220    1.420000    0.764193    0.055622    0.097713    1.420000    1.912563    1.081086    1.192320    1.420000    2.910894    2.095044    2.227374    1.420000    3.856414    3.094963    3.206267    1.420000    4.804589    4.088897    4.174547    1.420000    5.765804    5.082741    5.149994    1.420000 
   -1.431781   -1.957089   -1.947543    1.440000    0.763341    0.055641    0.097618    1.440000    1.911284    1.080902    1.191317    1.440000    2.910486    2.094887    2.226800    1.440000    3.856248    3.094822    3.205949    1.440000    4.803828    4.088686    4.174006    1.440000    5.766667    5.082487    5.149984    1.440000 
   -1.434904   -1.957171   -1.948092    1.460000    0.762302    0.055634    0.097447    1.460000    1.909913    1.080705    1.190276    1.460000    2.909880    2.094701    2.226110    1.460000    3.856022    3.094674    3.205596    1.460000    4.803068    4.088475    4.173466    1.460000    5.766563    5.082238    5.149677    1.460000 
   -1.438028   -1.957253   -1.948641    1.480000    0.761029    0.055591    0.097163    1.480000    1.908427    1.080491    1.189179    1.480000    2.908976    2.094470    2.225245    1.480000    3.855324    3.094462    3.204975    1.480000    4.802314    4.088265    4.172928    1.480000    5.766459    5.081989    5.149370    1.480000 
   -1.441151   -1.957335   -1.949190    1.500000    0.759535    0.055516    0.096782    1.500000    1.906801    1.080254    1.188011    1.500000    2.908031    2.094230    2.224352    1.500000    3.854544    3.094238    3.204310    1.500000    4.801622    4.088058    4.172409    1.500000    5.766355    5.081739    5.149063    1.500000 
   -1.444542   -1.957443   -1.949792    1.520000    0.757785    0.055406    0.096300    1.520000    1.905018    1.079991    1.186759    1.520000    2.907087    2.093989    2.223460    1.520000    3.853658    3.093996    3.203579    1.520000    4.800931    4.087851    4.171890    1.520000    5.765424    5.081467    5.148456    1.520000 
   -1.449300   -1.957670   -1.950651    1.540000    0.755758    0.055258    0.095696    1.540000    1.903041    1.079695    1.185400    1.540000    2.905449    2.093624    2.222114    1.540000    3.852362    3.093687    3.202597    1.540000    4.799755    4.087575    4.171123    1.540000    5.764388    5.081191    5.147810    1.540000 
   -1.454059   -1.957897   -1.951510    1.560000    0.753445    0.055073    0.094984    1.560000    1.900848    1.079362    1.183923    1.560000    2.903785    2.093253    2.220751    1.560000    3.851028    3.093368    3.201590    1.560000    4.798320    4.087246    4.170156    1.560000    5.763351    5.080915    5.147165    1.560000 
   -1.458818   -1.958124   -1.952369    1.580000    0.750830    0.054851    0.094166    1.580000    1.898445    1.078992    1.182329    1.580000    2.902120    2.092882    2.219388    1.580000    3.849457    3.093011    3.200442    1.580000    4.796884    4.086917    4.169188    1.580000    5.762314    5.080640    5.146519    1.580000 
   -1.464513   -1.958445   -1.953392    1.600000    0.747881    0.054583    0.093210    1.600000    1.895813    1.078582    1.180608    1.600000    2.900451    2.092511    2.218022    1.600000    3.847519    3.092595    3.199077    1.600000    4.795448    4.086589    4.168221    1.600000    5.761163    5.080340    5.145810    1.600000 
   -1.470447   -1.958789   -1.954456    1.620000    0.744566    0.054264    0.092106    1.620000    1.892886    1.078121    1.178725    1.620000    2.897778    2.091955    2.216023    1.620000    3.845580    3.092180    3.197711    1.620000    4.794012    4.086260    4.167254    1.620000    5.759830    5.080004    5.145003    1.620000 
   -1.476799   -1.959202   -1.955604    1.640000    0.740867    0.053892    0.090863    1.640000    1.889680    1.077608    1.176686    1.640000    2.895105    2.091399    2.214023    1.640000    3.843621    3.091760    3.196329    1.640000    4.792477    4.085911    4.166232    1.640000    5.758498    5.079668    5.144195    1.640000 
   -1.484201   -1.959815   -1.956993    1.660000    0.736811    0.053470    0.089488    1.660000    1.886173    1.077040    1.174481    1.660000    2.892433    2.090842    2.212024    1.660000    3.841040    3.091256    3.194601    1.660000    4.790432    4.085460    4.164932    1.660000    5.757094    5.079314    5.143342    1.660000 
   -1.491536   -1.960416   -1.958368    1.680000    0.732395    0.052991    0.087979    1.680000    1.882342    1.076409    1.172095    1.680000    2.889735    2.090281    2.210008    1.680000    3.838459    3.090752    3.192874    1.680000    4.788386    4.085009    4.163632    1.680000    5.755360    5.078883    5.142280    1.680000 
   -1.499267   -1.961083   -1.959802    1.700000    0.727625    0.052452    0.086339    1.700000    1.878229    1.075722    1.169554    1.700000    2.886205    2.089564    2.207459    1.700000    3.835877    3.090247    3.191146    1.700000    4.786341    4.084558    4.162333    1.700000    5.753626    5.078451    5.141218    1.700000 
   -1.507095   -1.961763   -1.961248    1.720000    0.722519    0.051851    0.084573    1.720000    1.873825    1.074973    1.166851    1.720000    2.882653    2.088844    2.204898    1.720000    3.832940    3.089730    3.189289    1.720000    4.784295    4.084107    4.161033    1.720000    5.751892    5.078020    5.140156    1.720000 
   -1.515316   -1.962608   -1.962805    1.740000    0.717078    0.051177    0.082676    1.740000    1.869136    1.074159    1.163987    1.740000    2.879100    2.088123    2.202338    1.740000    3.830002    3.089215    3.187435    1.740000    4.782250    4.083655    4.159733    1.740000    5.750157    5.077588    5.139094    1.740000 
   -1.524046   -1.963683   -1.964519    1.760000    0.711334    0.050425    0.080651    1.760000    1.864141    1.073264    1.160939    1.760000    2.875163    2.087428    2.199692    1.760000    3.826991    3.088750    3.185616    1.760000    4.780204    4.083204    4.158433    1.760000    5.748422    5.077130    5.138003    1.760000 
   -1.532753   -1.964760   -1.966231    1.780000    0.705322    0.049589    0.078505    1.780000    1.858936    1.072309    1.157766    1.780000    2.871193    2.086742    2.197047    1.780000    3.823936    3.088309    3.183808    1.780000    4.778179    4.082749    4.157142    1.780000    5.746684    5.076641    5.136878    1.780000 
   -1.541554   -1.965955   -1.967980    1.800000    0.699093    0.048661    0.076250    1.800000    1.853557    1.071301    1.154494    1.800000    2.867223    2.086055    2.194402    1.800000    3.820881    3.087868    3.181999    1.800000    4.776084    4.082107    4.155482    1.800000    5.744946    5.076152    5.135754    1.800000 
   -1.550355   -1.967150   -1.969728    1.820000    0.692739    0.047656    0.073913    1.820000    1.848056    1.070259    1.151162    1.820000    2.863163    2.085571    2.192033    1.820000    3.817955    3.087476    3.180306    1.820000    4.773986    4.081458    4.153796    1.820000    5.743209    5.075617    5.134556    1.820000 
   -1.559236   -1.968504   -1.971523    1.840000    0.686334    0.046577    0.071525    1.840000    1.842514    1.069231    1.147858    1.840000    2.859090    2.085103    2.189682    1.840000    3.815146    3.087148    3.178700    1.840000    4.771888    4.080808    4.152110    1.840000    5.741474    5.074979    5.133196    1.840000 
   -1.568151   -1.970019   -1.973361    1.860000    0.679998    0.045459    0.069137    1.860000    1.837029    1.068284    1.144692    1.860000    2.855059    2.084684    2.187419    1.860000    3.812337    3.086821    3.177093    1.860000    4.769790    4.080159    4.150423    1.860000    5.739739    5.074341    5.131836    1.860000 
   -1.577066   -1.971533   -1.975200    1.880000    0.673822    0.044352    0.066816    1.880000    1.831727    1.067528    1.141838    1.880000    2.851589    2.084946    2.186371    1.880000    3.809607    3.086479    3.175452    1.880000    4.767692    4.079510    4.148737    1.880000    5.738004    5.073703    5.130476    1.880000 
   -1.585058   -1.973222   -1.976959    1.900000    0.668012    0.043363    0.064706    1.900000    1.826806    1.067233    1.139729    1.900000    2.848299    2.085451    2.185745    1.900000    3.807285    3.086065    3.173660    1.900000    4.765594    4.078861    4.147051    1.900000    5.736269    5.073065    5.129115    1.900000 
   -1.592804   -1.974959   -1.978696    1.920000    0.662796    0.042745    0.063141    1.920000    1.822465    1.067746    1.138955    1.920000    2.845009    2.085956    2.185118    1.920000    3.804962    3.085652    3.171869    1.920000    4.763665    4.077944    4.144788    1.920000    5.734695    5.072266    5.127464    1.920000 
   -1.599937   -1.976657   -1.980298    1.940000    0.658446    0.042908    0.062750    1.940000    1.818940    1.069568    1.140527    1.940000    2.842037    2.086558    2.184673    1.940000    3.802714    3.085187    3.169975    1.940000    4.761820    4.076897    4.142244    1.940000    5.733242    5.071328    5.125524    1.940000 
   -1.606037   -1.978300   -1.981672    1.960000    0.655096    0.044312    0.064381    1.960000    1.816288    1.072925    1.145169    1.960000    2.840170    2.087758    2.185257    1.960000    3.800961    3.084333    3.167069    1.960000    4.759975    4.075850    4.139701    1.960000    5.731811    5.070366    5.123531    1.960000 
   -1.612137   -1.979943   -1.983045    1.980000    0.652892    0.047681    0.069678    1.980000    1.814579    1.078199    1.154502    1.980000    2.838683    2.089301    2.186489    1.980000    3.799436    3.083317    3.163654    1.980000    4.758107    4.074812    4.137144    1.980000    5.730379    5.069403    5.121537    1.980000 
   -1.615187   -1.980765   -1.983731    1.990000    0.652245    0.050382    0.074470    1.990000    1.814103    1.081647    1.161481    1.990000    2.837935    2.090098    2.187165    1.990000    3.798663    3.082831    3.161995    1.990000    4.757172    4.074293    4.135865    1.990000    5.729663    5.068921    5.120540    1.990000 
