#canal_chatou.f
#Velocity profil at x =0.550
#Sum_N =   1141
Y N U_X U_Y V_X V_Y
      0.10000000      0.09465382     -0.12620515     -0.01674838     -0.12024890     -0.01728760
      0.30000000      0.05959684     -0.05770457     -0.02254650     -0.04844083     -0.02396542
      0.50000000      0.21998248      0.11045140     -0.00530422      0.11152271     -0.00410028
      0.70000000      0.57142860      0.45825684      0.10184081      0.42550546      0.09861848
      0.90000000      0.05433830      0.76411684      0.23272732      0.70846636      0.22925645
      1.10000000      0.00000000      0.00000000      0.00000000      0.00000000      0.00000000
      1.30000000      0.00000000      0.00000000      0.00000000      0.00000000      0.00000000
      1.50000000      0.00000000      0.00000000      0.00000000      0.00000000      0.00000000
      1.70000000      0.00000000      0.00000000      0.00000000      0.00000000      0.00000000
      1.90000000      0.00000000      0.00000000      0.00000000      0.00000000      0.00000000
