   1
     250       339
  250       -0.88
    3.245  159.2    0.605   85.0    0.852  266.4
    1.277  207.3    0.236  132.1    0.337  314.9
    0.619  141.7    0.109   67.8    0.157  249.8
    0.068  263.1    0.045  209.8    0.061   27.4
  251       -3.26
    3.241  159.1    0.656   85.3    0.852  267.6
    1.275  207.2    0.256  132.2    0.339  315.9
    0.618  141.6    0.119   68.0    0.157  251.0
    0.067  262.5    0.049  210.8    0.060   27.5
  252       -5.80
    3.237  159.1    0.693   85.7    0.849  268.4
    1.273  207.1    0.271  132.3    0.338  316.7
    0.618  141.6    0.125   68.3    0.157  251.7
    0.067  262.2    0.052  211.6    0.059   27.4
  253       -9.46
    3.233  159.0    0.706   86.1    0.834  268.5
    1.272  207.1    0.275  132.6    0.333  316.7
    0.617  141.6    0.128   68.7    0.154  251.7
    0.067  262.1    0.053  212.2    0.058   27.0
  254      -15.36
    3.231  159.0    0.721   86.4    0.807  268.3
    1.271  207.0    0.281  132.7    0.321  316.3
    0.617  141.5    0.130   68.9    0.149  251.4
    0.066  261.8    0.055  213.0    0.055   26.2
  255      -21.11
    3.228  159.0    0.735   86.6    0.780  268.1
    1.270  207.0    0.285  132.9    0.311  316.0
    0.616  141.5    0.133   69.2    0.144  251.1
    0.066  261.5    0.056  213.7    0.052   25.4
  256      -26.86
    3.225  158.9    0.750   86.9    0.753  267.8
    1.269  207.0    0.290  133.0    0.300  315.6
    0.616  141.5    0.135   69.4    0.139  250.8
    0.065  261.2    0.058  214.3    0.049   24.5
  257      -32.61
    3.223  158.9    0.764   87.1    0.725  267.6
    1.268  206.9    0.295  133.1    0.289  315.3
    0.615  141.4    0.138   69.7    0.134  250.5
    0.064  260.8    0.059  214.9    0.045   23.4
  258      -38.06
    3.220  158.9    0.777   87.4    0.702  267.5
    1.267  206.9    0.300  133.3    0.280  315.0
    0.615  141.4    0.140   69.9    0.129  250.3
    0.064  260.5    0.061  215.5    0.043   22.2
  259      -38.72
    3.216  158.8    0.770   87.6    0.716  268.9
    1.265  206.8    0.297  133.4    0.287  316.6
    0.614  141.3    0.139   70.1    0.133  251.8
    0.063  260.0    0.060  215.8    0.042   21.5
  260      -39.36
    3.213  158.8    0.763   87.8    0.730  270.2
    1.264  206.7    0.295  133.6    0.294  318.1
    0.613  141.2    0.138   70.3    0.136  253.2
    0.063  259.5    0.060  216.1    0.042   20.8
  261      -39.96
    3.209  158.7    0.756   87.9    0.744  271.4
    1.263  206.6    0.292  133.7    0.301  319.4
    0.613  141.2    0.137   70.5    0.139  254.4
    0.062  259.0    0.059  216.4    0.042   20.1
  262      -39.69
    3.206  158.7    0.748   87.7    0.768  272.2
    1.261  206.6    0.289  133.4    0.312  320.2
    0.612  141.1    0.135   70.2    0.144  255.2
    0.062  258.7    0.058  216.7    0.042   18.8
  263      -38.18
    3.202  158.7    0.736   86.7    0.805  272.7
    1.260  206.6    0.284  132.4    0.327  320.5
    0.611  141.1    0.133   69.3    0.151  255.6
    0.061  258.8    0.057  216.9    0.042   16.7
  264      -36.68
    3.199  158.7    0.725   85.7    0.842  273.1
    1.258  206.6    0.279  131.4    0.343  320.8
    0.611  141.1    0.130   68.3    0.158  255.9
    0.061  258.8    0.057  217.2    0.043   14.7
  265      -36.41
    3.195  158.7    0.727   85.0    0.868  273.9
    1.257  206.6    0.280  130.6    0.354  321.4
    0.610  141.1    0.130   67.4    0.163  256.5
    0.061  258.7    0.055  216.4    0.044   13.1
  266      -36.73
    3.191  158.7    0.735   84.4    0.889  274.8
    1.255  206.5    0.283  129.7    0.364  322.2
    0.609  141.1    0.132   66.6    0.167  257.3
    0.060  258.4    0.054  215.1    0.044   11.8
  267      -37.04
    3.186  158.7    0.744   83.8    0.910  275.6
    1.254  206.5    0.287  128.9    0.374  322.9
    0.609  141.0    0.133   65.8    0.172  258.0
    0.060  258.2    0.053  213.7    0.045   10.5
  268      -37.35
    3.182  158.7    0.752   83.2    0.931  276.4
    1.252  206.5    0.290  128.2    0.383  323.6
    0.608  141.0    0.134   65.0    0.176  258.7
    0.060  258.0    0.052  212.2    0.045    9.2
  269      -37.67
    3.178  158.7    0.761   82.6    0.953  277.2
    1.251  206.5    0.294  127.4    0.393  324.3
    0.607  141.0    0.135   64.3    0.180  259.3
    0.059  257.7    0.051  210.6    0.046    8.0
  270      -37.98
    3.174  158.6    0.769   82.1    0.974  278.0
    1.249  206.5    0.297  126.7    0.403  324.9
    0.607  141.0    0.137   63.5    0.185  259.9
    0.059  257.5    0.049  209.0    0.047    6.8
  271      -38.29
    3.169  158.6    0.778   81.5    0.996  278.7
    1.247  206.5    0.301  125.9    0.413  325.5
    0.606  140.9    0.138   62.8    0.189  260.5
    0.059  257.2    0.048  207.3    0.047    5.6
  272      -38.69
    3.166  158.6    0.800   82.4    1.002  278.7
    1.246  206.4    0.311  126.8    0.416  325.5
    0.606  140.9    0.142   63.6    0.190  260.5
    0.058  257.0    0.048  205.6    0.047    5.4
  273      -38.70
    3.164  158.6    0.821   83.7    0.993  278.8
    1.245  206.3    0.320  128.0    0.413  325.6
    0.605  140.9    0.147   64.9    0.188  260.6
    0.058  256.9    0.049  204.8    0.046    5.5
  274      -38.36
    3.162  158.5    0.844   84.8    0.985  278.8
    1.245  206.3    0.330  129.1    0.409  325.5
    0.605  140.8    0.151   66.0    0.187  260.5
    0.057  256.8    0.050  204.0    0.046    5.6
  275      -38.02
    3.159  158.5    0.868   85.8    0.977  278.8
    1.244  206.2    0.341  130.1    0.406  325.4
    0.604  140.8    0.156   67.0    0.185  260.4
    0.057  256.8    0.051  203.3    0.045    5.7
  276      -37.68
    3.157  158.5    0.892   86.8    0.969  278.7
    1.243  206.2    0.352  131.1    0.403  325.3
    0.604  140.7    0.161   68.0    0.184  260.3
    0.056  256.7    0.052  202.6    0.044    5.8
  277      -37.34
    3.155  158.5    0.916   87.7    0.961  278.7
    1.242  206.1    0.363  132.0    0.400  325.1
    0.604  140.7    0.166   68.9    0.182  260.2
    0.055  256.6    0.053  202.0    0.043    5.9
  278      -37.00
    3.153  158.4    0.941   88.6    0.953  278.6
    1.241  206.1    0.373  132.8    0.396  325.0
    0.603  140.6    0.171   69.8    0.180  260.1
    0.055  256.5    0.054  201.3    0.043    6.1
  279      -37.09
    3.150  158.4    0.961   89.4    0.942  278.6
    1.240  206.1    0.382  133.6    0.392  325.0
    0.603  140.6    0.175   70.5    0.178  260.0
    0.054  256.4    0.054  200.8    0.042    6.2
  280      -38.05
    3.147  158.4    0.972   90.1    0.926  278.5
    1.239  206.0    0.387  134.2    0.385  325.0
    0.602  140.6    0.177   71.1    0.175  260.0
    0.054  256.2    0.054  200.4    0.041    6.6
  281      -39.25
    3.143  158.4    0.984   91.0    0.903  278.5
    1.237  206.0    0.393  135.1    0.376  325.1
    0.602  140.6    0.180   72.0    0.171  260.0
    0.053  256.1    0.054  200.3    0.040    7.3
  282      -40.86
    3.138  158.3    1.001   92.4    0.868  278.6
    1.236  205.9    0.401  136.5    0.361  325.3
    0.601  140.5    0.184   73.3    0.164  260.2
    0.053  256.1    0.055  200.7    0.039    8.5
  283      -42.64
    3.133  158.3    1.019   94.0    0.830  278.7
    1.234  205.9    0.410  138.0    0.346  325.6
    0.600  140.5    0.188   74.8    0.157  260.4
    0.052  256.1    0.055  201.2    0.038   10.0
  284      -44.59
    3.127  158.2    1.041   95.6    0.788  278.7
    1.231  205.8    0.420  139.6    0.329  326.0
    0.599  140.4    0.193   76.3    0.150  260.7
    0.051  256.1    0.055  201.7    0.036   11.7
  285      -46.23
    3.122  158.2    1.058   97.1    0.744  278.4
    1.229  205.7    0.429  141.1    0.310  325.9
    0.598  140.3    0.197   77.7    0.141  260.4
    0.050  256.1    0.055  202.3    0.035   13.3
  286      -46.97
    3.115  158.2    1.061   98.4    0.700  276.9
    1.226  205.7    0.431  142.4    0.291  324.6
    0.597  140.4    0.198   79.1    0.133  259.0
    0.050  255.9    0.055  203.0    0.033   14.1
  287      -47.81
    3.108  158.3    1.066   99.8    0.651  275.0
    1.224  205.7    0.434  143.9    0.269  322.9
    0.595  140.4    0.200   80.6    0.123  257.1
    0.049  255.8    0.055  203.8    0.031   15.1
  288      -49.23
    3.101  158.4    1.052  101.3    0.594  272.9
    1.221  205.8    0.430  145.4    0.245  321.4
    0.594  140.5    0.198   82.1    0.112  255.4
    0.049  255.2    0.054  204.8    0.029   16.9
  289      -50.14
    3.094  158.4    1.037  102.5    0.553  271.4
    1.218  205.9    0.424  146.6    0.227  320.6
    0.593  140.5    0.195   83.3    0.104  254.3
    0.049  255.0    0.053  205.9    0.028   17.8
  290      -50.42
    3.085  158.4    1.024  103.4    0.530  270.9
    1.215  205.8    0.420  147.6    0.218  320.5
    0.592  140.5    0.193   84.2    0.099  254.0
    0.048  255.3    0.053  207.2    0.027   17.3
  291      -50.73
    3.076  158.4    1.011  104.5    0.505  270.2
    1.211  205.8    0.415  148.6    0.207  320.3
    0.590  140.4    0.191   85.2    0.095  253.7
    0.047  255.6    0.052  208.6    0.026   16.8
  292      -51.20
    3.065  158.5    0.987  105.1    0.478  267.2
    1.207  205.9    0.405  149.3    0.194  317.8
    0.588  140.5    0.187   85.9    0.089  250.8
    0.046  255.3    0.050  209.3    0.025   16.6
  293      -51.61
    3.053  158.7    0.965  105.7    0.445  262.4
    1.203  206.1    0.396  149.8    0.178  313.3
    0.586  140.7    0.183   86.6    0.082  245.9
    0.045  254.4    0.049  209.5    0.024   16.7
  294      -52.21
    3.040  158.8    0.944  106.5    0.417  257.8
    1.198  206.2    0.388  150.6    0.163  308.9
    0.584  140.9    0.179   87.5    0.075  241.2
    0.044  254.1    0.048  210.2    0.023   16.4
  295      -54.84
    3.026  158.8    0.921  108.6    0.391  254.1
    1.192  206.2    0.379  152.7    0.151  305.3
    0.581  140.9    0.175   89.6    0.070  237.5
    0.043  255.0    0.047  211.9    0.021   14.6
  296      -58.05
    3.012  159.0    0.901  110.8    0.363  247.8
    1.187  206.3    0.371  154.9    0.137  298.9
    0.578  141.0    0.172   91.9    0.064  230.7
    0.042  254.9    0.046  213.2    0.019   13.7
  297      -59.96
    3.003  158.6    0.917  111.8    0.343  245.2
    1.183  205.9    0.379  155.8    0.129  295.9
    0.577  140.5    0.176   92.9    0.061  227.8
    0.042  252.9    0.047  214.0    0.017   12.6
  298      -59.74
    2.993  158.2    0.946  112.1    0.311  241.0
    1.179  205.6    0.391  155.9    0.116  291.1
    0.576  140.2    0.182   93.0    0.055  222.7
    0.041  250.2    0.047  213.2    0.016   14.2
  299      -59.04
    2.982  157.9    0.977  112.4    0.285  236.3
    1.174  205.2    0.404  156.0    0.105  285.7
    0.574  139.9    0.188   93.1    0.050  216.9
    0.041  247.4    0.047  212.7    0.015   16.0
  300      -57.19
    2.975  157.5    1.016  112.5    0.259  235.3
    1.171  204.7    0.420  156.1    0.095  284.4
    0.572  139.5    0.196   93.3    0.045  215.4
    0.040  244.8    0.049  212.7    0.013   15.1
  301      -56.68
    2.965  157.1    1.030  112.6    0.237  232.2
    1.167  204.3    0.425  156.1    0.086  280.9
    0.570  139.1    0.198   93.4    0.041  212.1
    0.039  241.4    0.049  212.6    0.012   15.9
  302      -56.47
    2.955  156.7    1.039  112.8    0.216  227.9
    1.163  203.9    0.429  156.2    0.078  276.1
    0.568  138.7    0.200   93.6    0.037  207.7
    0.039  237.8    0.049  212.6    0.011   17.5
  303      -56.32
    2.946  156.4    1.043  112.6    0.195  222.7
    1.159  203.5    0.430  155.9    0.069  270.3
    0.567  138.3    0.200   93.4    0.034  201.5
    0.039  235.4    0.048  212.5    0.010   15.8
  304      -56.17
    2.937  155.9    1.044  112.3    0.177  216.4
    1.155  203.0    0.431  155.6    0.062  263.1
    0.565  137.8    0.201   93.0    0.031  193.6
    0.038  233.3    0.047  212.3    0.009   12.0
  305      -57.33
    2.926  155.5    1.030  112.2    0.171  208.8
    1.150  202.6    0.425  155.4    0.059  254.0
    0.564  137.4    0.198   92.8    0.030  185.1
    0.038  230.3    0.046  212.6    0.007    9.3
  306      -59.08
    2.915  155.1    1.000  112.3    0.175  202.4
    1.146  202.1    0.412  155.4    0.061  245.9
    0.562  137.0    0.192   93.0    0.031  178.6
    0.038  227.1    0.045  214.3    0.006    2.7
  307      -60.36
    2.904  154.7    0.970  112.6    0.176  195.9
    1.141  201.7    0.400  155.6    0.062  238.4
    0.560  136.6    0.187   93.3    0.032  171.6
    0.038  223.9    0.044  215.4    0.006  351.1
  308      -61.30
    2.890  154.2    0.951  112.1    0.174  192.5
    1.136  201.2    0.392  155.1    0.062  234.5
    0.557  136.1    0.183   92.9    0.032  168.1
    0.038  220.9    0.042  214.9    0.005  349.1
  309      -61.98
    2.878  153.8    0.932  112.1    0.169  190.0
    1.131  200.7    0.384  155.0    0.060  231.4
    0.555  135.6    0.180   92.8    0.031  165.9
    0.038  218.0    0.040  214.7    0.004  342.7
  310      -62.33
    2.867  153.4    0.914  112.2    0.159  188.0
    1.125  200.2    0.377  155.0    0.056  229.6
    0.553  135.2    0.177   92.9    0.030  164.6
    0.039  215.1    0.039  216.1    0.004  342.3
  311      -63.54
    2.854  152.9    0.899  112.3    0.153  185.8
    1.120  199.8    0.371  155.1    0.054  227.3
    0.551  134.8    0.174   93.1    0.028  162.4
    0.039  212.1    0.038  216.4    0.004  333.8
  312      -62.64
    2.869  152.7    0.897  111.2    0.146  182.9
    1.126  199.5    0.369  154.0    0.051  223.8
    0.554  134.5    0.173   91.9    0.027  159.9
    0.040  211.9    0.038  216.2    0.004  327.0
  313      -62.51
    2.882  152.4    0.899  110.0    0.141  181.9
    1.130  199.2    0.370  152.9    0.049  222.8
    0.556  134.2    0.173   90.8    0.026  159.0
    0.041  211.7    0.038  214.9    0.004  312.4
  314      -62.26
    2.893  152.1    0.900  108.9    0.135  181.1
    1.135  198.9    0.370  151.8    0.047  222.2
    0.558  133.9    0.173   89.7    0.025  158.4
    0.041  211.7    0.039  214.0    0.005  301.6
  315      -62.31
    2.905  152.0    0.887  108.4    0.140  172.1
    1.139  198.7    0.364  151.3    0.050  211.8
    0.560  133.8    0.170   89.3    0.025  149.1
    0.042  212.3    0.039  214.8    0.005  289.8
  316      -61.94
    2.915  151.8    0.880  107.9    0.149  162.5
    1.143  198.5    0.360  150.8    0.055  201.6
    0.562  133.6    0.169   88.8    0.028  139.3
    0.043  212.6    0.039  214.9    0.004  274.3
  317      -60.85
    2.922  151.6    0.882  107.3    0.158  154.3
    1.145  198.3    0.360  150.1    0.060  193.5
    0.563  133.4    0.168   88.1    0.030  131.6
    0.044  212.3    0.039  214.1    0.005  259.9
  318      -58.93
    2.930  151.4    0.871  106.8    0.167  149.1
    1.148  198.1    0.355  149.5    0.064  188.4
    0.565  133.2    0.166   87.5    0.032  126.8
    0.044  212.1    0.039  214.1    0.005  253.1
  319      -56.16
    2.937  151.2    0.852  106.4    0.176  145.8
    1.151  197.9    0.347  149.1    0.068  185.0
    0.566  133.1    0.162   87.0    0.033  123.6
    0.045  212.1    0.039  214.6    0.006  249.9
  320      -53.65
    2.943  151.1    0.835  106.1    0.184  142.9
    1.154  197.8    0.340  148.6    0.072  182.2
    0.567  132.9    0.159   86.6    0.035  120.7
    0.045  212.1    0.039  215.0    0.006  247.3
  321      -52.24
    2.948  151.0    0.818  105.7    0.195  137.7
    1.156  197.6    0.332  148.1    0.077  177.0
    0.568  132.8    0.156   86.1    0.037  115.8
    0.045  211.7    0.038  215.4    0.007  241.1
  322      -50.86
    2.953  150.9    0.805  105.2    0.206  133.2
    1.158  197.5    0.327  147.5    0.081  172.7
    0.569  132.7    0.153   85.5    0.039  111.7
    0.045  211.4    0.038  215.6    0.008  236.8
  323      -49.14
    2.957  150.8    0.809  104.3    0.213  128.6
    1.159  197.4    0.328  146.5    0.084  168.1
    0.570  132.5    0.153   84.4    0.040  107.1
    0.046  211.3    0.039  214.9    0.009  233.3
  324      -46.58
    2.959  150.6    0.785  103.0    0.213  127.0
    1.159  197.2    0.318  145.0    0.084  166.3
    0.570  132.4    0.148   83.1    0.040  105.7
    0.046  211.2    0.038  214.8    0.010  232.2
  325      -44.19
    2.961  150.5    0.768  101.9    0.214  125.6
    1.160  197.1    0.310  143.7    0.084  164.7
    0.571  132.3    0.145   81.9    0.041  104.3
    0.047  211.3    0.038  214.6    0.010  231.7
  326      -41.98
    2.963  150.4    0.754  100.8    0.216  124.3
    1.161  197.0    0.304  142.6    0.085  163.2
    0.571  132.2    0.142   80.8    0.041  103.1
    0.047  211.4    0.038  214.3    0.010  231.3
  327      -39.23
    2.965  150.3    0.740   99.8    0.217  122.8
    1.161  196.9    0.297  141.3    0.086  161.5
    0.571  132.1    0.138   79.8    0.041  101.6
    0.047  211.4    0.038  214.2    0.011  230.4
  328      -33.53
    2.967  150.2    0.717   98.4    0.221  120.0
    1.162  196.8    0.286  139.8    0.087  158.8
    0.572  132.0    0.134   78.4    0.041   98.9
    0.048  211.1    0.037  214.9    0.011  227.2
  329      -28.31
    2.969  150.1    0.696   97.1    0.225  117.5
    1.162  196.7    0.277  138.3    0.088  156.3
    0.572  132.0    0.129   77.1    0.042   96.4
    0.048  210.9    0.037  215.5    0.011  224.4
  330      -23.53
    2.970  150.1    0.678   95.8    0.229  115.4
    1.163  196.6    0.268  136.8    0.090  154.2
    0.572  131.9    0.125   75.8    0.043   94.3
    0.048  210.8    0.036  216.0    0.011  222.0
  331      -18.96
    2.972  150.0    0.661   94.5    0.232  113.2
    1.163  196.6    0.260  135.3    0.091  152.0
    0.573  131.8    0.122   74.4    0.043   92.2
    0.048  210.6    0.036  216.5    0.012  219.9
  332      -13.72
    2.974  149.9    0.645   92.7    0.235  110.1
    1.164  196.5    0.253  133.3    0.092  148.8
    0.573  131.8    0.118   72.6    0.044   89.1
    0.048  210.5    0.035  216.9    0.012  218.4
  333      -11.15
    2.975  149.9    0.627   91.4    0.236  107.3
    1.164  196.4    0.244  132.0    0.092  146.4
    0.573  131.7    0.114   71.5    0.044   86.7
    0.048  210.2    0.035  218.0    0.012  217.3
  334       -9.22
    2.975  149.8    0.612   90.4    0.229  104.8
    1.164  196.4    0.237  130.9    0.089  144.0
    0.573  131.7    0.111   70.5    0.042   84.3
    0.048  210.1    0.034  218.9    0.012  218.4
  335       -7.38
    2.976  149.8    0.598   89.4    0.223  102.3
    1.164  196.3    0.231  129.9    0.086  141.5
    0.573  131.6    0.108   69.5    0.041   82.0
    0.049  210.0    0.034  219.8    0.012  219.4
  336       -5.58
    2.976  149.7    0.584   88.4    0.218   99.7
    1.164  196.3    0.224  128.8    0.084  138.9
    0.573  131.6    0.105   68.5    0.039   79.5
    0.049  209.9    0.034  220.7    0.012  220.4
  337       -3.78
    2.977  149.7    0.571   87.3    0.213   97.0
    1.164  196.2    0.218  127.6    0.082  136.2
    0.573  131.5    0.102   67.4    0.038   76.8
    0.049  209.8    0.034  221.6    0.012  221.4
  338       -1.98
    2.977  149.6    0.557   86.1    0.208   94.2
    1.165  196.2    0.212  126.4    0.079  133.3
    0.574  131.5    0.099   66.2    0.037   74.0
    0.049  209.7    0.033  222.5    0.012  222.4
  339       -0.18
    2.977  149.6    0.545   84.9    0.204   91.2
    1.165  196.1    0.206  125.1    0.078  130.3
    0.574  131.4    0.096   65.0    0.036   70.9
    0.049  209.6    0.033  223.5    0.012  223.5
