Abaque 1a
1.038	0.916	0.824	0.717	0.595
2.43	1.71	1.374	1.000	0.687
3.450	2.321	1.740	1.190	0.748
4.336	2.809	2.076	1.374	0.794
5.069	3.236	2.351	1.511	0.855
5.679	3.603	2.595	1.618	0.916
Abaque 1b
3.000	2.192	1.650	1.158	0.739
3.36	2.36	1.773	1.207	0.739
3.768	2.537	1.872	1.256	0.764
4.089	2.709	1.970	1.305	0.764
4.483	2.857	2.067	1.330	0.764
4.852	3.030	2.192	1.379	0.764
Abaque 1c
1.551	0.837	0.653	0.408	0.204
1.8	1.08	0.735	0.449	0.225
2.060	1.204	0.816	0.469	0.245
2.367	1.357	0.918	0.531	0.265
2.714	1.531	1.020	0.571	0.265
2.939	1.735	1.143	0.633	0.286
Abaque 2a
0.0361	0.089	0.18	0.483	1.63
0.0505	0.115	0.224	0.563	1.77
0.058	0.144	0.267	0.649	1.90
0.072	0.173	0.310	0.715	2.04
0.087	0.198	0.349	0.767	2.17
0.11	0.224	0.389	0.858	2.31
Abaque 2b
1.68	2.54	3.48	5.35	 9.21
1.76	2.70	3.67	5.61	 9.66
1.87	2.88	3.89	5.91	10.12
1.98	3.03	4.09	6.20	10.59
2.10	3.20	4.28	6.51	11.04
2.21	3.33	4.48	6.77	11.51
Abaque 2c
0.45	0.76	1.10	1.80	3.37
0.53	0.86	1.23	1.99	1.08
0.60	0.97	1.36	2.19	1.08
0.67	1.07	1.49	2.40	4.35
0.74	1.17	1.62	2.60	4.68
0.80	1.26	1.76	2.79	5.01
