# 
#   xL     yL     zL            xR    yR     zR          km    
  100.0   116.0  0.00         100.0  -14.0  35.00         0.100
  110.0   116.0  0.00         110.0  -14.0  35.00         0.110
  120.0   116.0  0.00         120.0  -14.0  35.00         0.120
  130.0   116.0  0.00         130.0  -14.0  35.00         0.130
  140.0   116.0  0.00         140.0  -14.0  35.00         0.140
  150.0   116.0  0.00         150.0  -14.0  35.00         0.150
  160.0   116.0  0.00         160.0  -14.0  35.00         0.160
  200.0   116.0  0.00         200.0  -14.0  35.00         0.200
END 
