  2 2 2  0.000  0.000  0.000  0.0   2  0.000  0.000  0.000      3      1
  2 2 2  0.000  0.000  0.000  0.0   2  0.000  0.000  0.000     24      2 
  2 2 2  0.000  0.000  0.000  0.0   2  0.000  0.000  0.000     38      3 
  2 2 2  0.000  0.000  0.000  0.0   2  0.000  0.000  0.000    531      4 
  2 2 2  0.000  0.000  0.000  0.0   2  0.000  0.000  0.000    533      5 
  2 2 2  0.000  0.000  0.000  0.0   2  0.000  0.000  0.000    535      6 
  2 2 2  0.000  0.000  0.000  0.0   2  0.000  0.000  0.000    537      7 
  2 2 2  0.000  0.000  0.000  0.0   2  0.000  0.000  0.000    539      8 
  2 2 2  0.000  0.000  0.000  0.0   2  0.000  0.000  0.000    541      9 
  2 2 2  0.000  0.000  0.000  0.0   2  0.000  0.000  0.000    543     10 
  2 2 2  0.000  0.000  0.000  0.0   2  0.000  0.000  0.000    545     11 
  2 2 2  0.000  0.000  0.000  0.0   2  0.000  0.000  0.000    547     12 
  2 2 2  0.000  0.000  0.000  0.0   2  0.000  0.000  0.000    549     13 
  2 2 2  0.000  0.000  0.000  0.0   2  0.000  0.000  0.000    551     14 
  2 2 2  0.000  0.000  0.000  0.0   2  0.000  0.000  0.000    553     15 
  2 2 2  0.000  0.000  0.000  0.0   2  0.000  0.000  0.000    555     16 
  2 2 2  0.000  0.000  0.000  0.0   2  0.000  0.000  0.000    557     17 
  2 2 2  0.000  0.000  0.000  0.0   2  0.000  0.000  0.000    559     18 
  2 2 2  0.000  0.000  0.000  0.0   2  0.000  0.000  0.000    561     19 
  2 2 2  0.000  0.000  0.000  0.0   2  0.000  0.000  0.000    563     20 
  2 2 2  0.000  0.000  0.000  0.0   2  0.000  0.000  0.000    565     21 
  2 2 2  0.000  0.000  0.000  0.0   2  0.000  0.000  0.000    567     22 
  2 2 2  0.000  0.000  0.000  0.0   2  0.000  0.000  0.000    569     23 
  2 2 2  0.000  0.000  0.000  0.0   2  0.000  0.000  0.000    571     24 
  2 2 2  0.000  0.000  0.000  0.0   2  0.000  0.000  0.000    573     25 
  2 2 2  0.000  0.000  0.000  0.0   2  0.000  0.000  0.000    575     26 
  2 2 2  0.000  0.000  0.000  0.0   2  0.000  0.000  0.000    577     27 
  2 2 2  0.000  0.000  0.000  0.0   2  0.000  0.000  0.000    579     28 
  2 2 2  0.000  0.000  0.000  0.0   2  0.000  0.000  0.000    581     29 
  2 2 2  0.000  0.000  0.000  0.0   2  0.000  0.000  0.000    583     30 
  2 2 2  0.000  0.000  0.000  0.0   2  0.000  0.000  0.000    585     31 
  2 2 2  0.000  0.000  0.000  0.0   2  0.000  0.000  0.000    587     32 
  2 2 2  0.000  0.000  0.000  0.0   2  0.000  0.000  0.000    589     33 
  2 2 2  0.000  0.000  0.000  0.0   2  0.000  0.000  0.000    591     34 
  2 2 2  0.000  0.000  0.000  0.0   2  0.000  0.000  0.000    593     35 
  2 2 2  0.000  0.000  0.000  0.0   2  0.000  0.000  0.000    595     36 
  2 2 2  0.000  0.000  0.000  0.0   2  0.000  0.000  0.000    597     37 
  2 2 2  0.000  0.000  0.000  0.0   2  0.000  0.000  0.000    599     38 
  2 2 2  0.000  0.000  0.000  0.0   2  0.000  0.000  0.000    601     39 
  2 2 2  0.000  0.000  0.000  0.0   2  0.000  0.000  0.000    603     40 
  2 2 2  0.000  0.000  0.000  0.0   2  0.000  0.000  0.000    605     41 
  2 2 2  0.000  0.000  0.000  0.0   2  0.000  0.000  0.000    607     42 
  2 2 2  0.000  0.000  0.000  0.0   2  0.000  0.000  0.000    609     43 
  2 2 2  0.000  0.000  0.000  0.0   2  0.000  0.000  0.000    611     44 
  2 2 2  0.000  0.000  0.000  0.0   2  0.000  0.000  0.000    613     45 
  2 2 2  0.000  0.000  0.000  0.0   2  0.000  0.000  0.000    615     46 
  2 2 2  0.000  0.000  0.000  0.0   2  0.000  0.000  0.000    617     47 
  2 2 2  0.000  0.000  0.000  0.0   2  0.000  0.000  0.000    619     48 
  2 2 2  0.000  0.000  0.000  0.0   2  0.000  0.000  0.000    621     49 
  2 2 2  0.000  0.000  0.000  0.0   2  0.000  0.000  0.000    623     50 
  2 2 2  0.000  0.000  0.000  0.0   2  0.000  0.000  0.000    625     51 
  2 2 2  0.000  0.000  0.000  0.0   2  0.000  0.000  0.000    627     52 
  2 2 2  0.000  0.000  0.000  0.0   2  0.000  0.000  0.000    629     53 
  2 2 2  0.000  0.000  0.000  0.0   2  0.000  0.000  0.000    631     54 
  2 2 2  0.000  0.000  0.000  0.0   2  0.000  0.000  0.000    633     55 
  2 2 2  0.000  0.000  0.000  0.0   2  0.000  0.000  0.000    635     56 
  2 2 2  0.000  0.000  0.000  0.0   2  0.000  0.000  0.000    637     57 
  2 2 2  0.000  0.000  0.000  0.0   2  0.000  0.000  0.000    639     58 
  2 2 2  0.000  0.000  0.000  0.0   2  0.000  0.000  0.000    641     59 
  2 2 2  0.000  0.000  0.000  0.0   2  0.000  0.000  0.000    643     60 
  2 2 2  0.000  0.000  0.000  0.0   2  0.000  0.000  0.000    645     61 
  2 2 2  0.000  0.000  0.000  0.0   2  0.000  0.000  0.000    647     62 
  2 2 2  0.000  0.000  0.000  0.0   2  0.000  0.000  0.000    649     63 
  2 2 2  0.000  0.000  0.000  0.0   2  0.000  0.000  0.000    651     64 
  2 2 2  0.000  0.000  0.000  0.0   2  0.000  0.000  0.000    653     65 
  2 2 2  0.000  0.000  0.000  0.0   2  0.000  0.000  0.000    655     66 
  2 2 2  0.000  0.000  0.000  0.0   2  0.000  0.000  0.000    657     67 
  2 2 2  0.000  0.000  0.000  0.0   2  0.000  0.000  0.000    659     68 
  2 2 2  0.000  0.000  0.000  0.0   2  0.000  0.000  0.000    661     69 
  2 2 2  0.000  0.000  0.000  0.0   2  0.000  0.000  0.000    663     70 
  2 2 2  0.000  0.000  0.000  0.0   2  0.000  0.000  0.000    665     71 
  2 2 2  0.000  0.000  0.000  0.0   2  0.000  0.000  0.000    667     72 
  2 2 2  0.000  0.000  0.000  0.0   2  0.000  0.000  0.000    669     73 
  2 2 2  0.000  0.000  0.000  0.0   2  0.000  0.000  0.000    671     74 
  2 2 2  0.000  0.000  0.000  0.0   2  0.000  0.000  0.000    673     75 
  2 2 2  0.000  0.000  0.000  0.0   2  0.000  0.000  0.000    675     76 
  2 2 2  0.000  0.000  0.000  0.0   2  0.000  0.000  0.000    677     77 
  2 2 2  0.000  0.000  0.000  0.0   2  0.000  0.000  0.000    679     78 
  2 2 2  0.000  0.000  0.000  0.0   2  0.000  0.000  0.000    681     79 
  2 2 2  0.000  0.000  0.000  0.0   2  0.000  0.000  0.000    683     80 
  2 2 2  0.000  0.000  0.000  0.0   2  0.000  0.000  0.000    685     81 
  2 2 2  0.000  0.000  0.000  0.0   2  0.000  0.000  0.000    687     82 
  2 2 2  0.000  0.000  0.000  0.0   2  0.000  0.000  0.000    689     83 
  2 2 2  0.000  0.000  0.000  0.0   2  0.000  0.000  0.000    691     84 
  2 2 2  0.000  0.000  0.000  0.0   2  0.000  0.000  0.000    693     85 
  2 2 2  0.000  0.000  0.000  0.0   2  0.000  0.000  0.000    695     86 
  2 2 2  0.000  0.000  0.000  0.0   2  0.000  0.000  0.000    697     87 
  2 2 2  0.000  0.000  0.000  0.0   2  0.000  0.000  0.000    699     88 
  2 2 2  0.000  0.000  0.000  0.0   2  0.000  0.000  0.000    701     89 
  2 2 2  0.000  0.000  0.000  0.0   2  0.000  0.000  0.000    703     90 
  2 2 2  0.000  0.000  0.000  0.0   2  0.000  0.000  0.000    705     91 
  2 2 2  0.000  0.000  0.000  0.0   2  0.000  0.000  0.000    707     92 
  2 2 2  0.000  0.000  0.000  0.0   2  0.000  0.000  0.000    709     93 
  2 2 2  0.000  0.000  0.000  0.0   2  0.000  0.000  0.000    711     94 
  2 2 2  0.000  0.000  0.000  0.0   2  0.000  0.000  0.000    713     95 
  2 2 2  0.000  0.000  0.000  0.0   2  0.000  0.000  0.000    715     96 
  2 2 2  0.000  0.000  0.000  0.0   2  0.000  0.000  0.000    717     97 
  2 2 2  0.000  0.000  0.000  0.0   2  0.000  0.000  0.000    719     98 
  2 2 2  0.000  0.000  0.000  0.0   2  0.000  0.000  0.000    721     99 
  2 2 2  0.000  0.000  0.000  0.0   2  0.000  0.000  0.000    723    100 
  2 2 2  0.000  0.000  0.000  0.0   2  0.000  0.000  0.000    725    101 
  2 2 2  0.000  0.000  0.000  0.0   2  0.000  0.000  0.000    727    102 
  2 2 2  0.000  0.000  0.000  0.0   2  0.000  0.000  0.000    729    103 
  2 2 2  0.000  0.000  0.000  0.0   2  0.000  0.000  0.000    731    104 
  2 2 2  0.000  0.000  0.000  0.0   2  0.000  0.000  0.000    733    105 
  2 2 2  0.000  0.000  0.000  0.0   2  0.000  0.000  0.000    735    106 
  2 2 2  0.000  0.000  0.000  0.0   2  0.000  0.000  0.000    737    107 
  2 2 2  0.000  0.000  0.000  0.0   2  0.000  0.000  0.000    739    108 
  2 2 2  0.000  0.000  0.000  0.0   2  0.000  0.000  0.000    741    109 
  2 2 2  0.000  0.000  0.000  0.0   2  0.000  0.000  0.000    743    110 
  2 2 2  0.000  0.000  0.000  0.0   2  0.000  0.000  0.000    745    111 
  2 2 2  0.000  0.000  0.000  0.0   2  0.000  0.000  0.000    747    112 
  2 2 2  0.000  0.000  0.000  0.0   2  0.000  0.000  0.000    749    113 
  2 2 2  0.000  0.000  0.000  0.0   2  0.000  0.000  0.000    751    114 
  2 2 2  0.000  0.000  0.000  0.0   2  0.000  0.000  0.000    753    115 
  2 2 2  0.000  0.000  0.000  0.0   2  0.000  0.000  0.000    755    116 
  2 2 2  0.000  0.000  0.000  0.0   2  0.000  0.000  0.000    757    117 
  2 2 2  0.000  0.000  0.000  0.0   2  0.000  0.000  0.000    759    118 
  2 2 2  0.000  0.000  0.000  0.0   2  0.000  0.000  0.000    761    119 
  2 2 2  0.000  0.000  0.000  0.0   2  0.000  0.000  0.000    763    120 
  2 2 2  0.000  0.000  0.000  0.0   2  0.000  0.000  0.000    765    121 
  2 2 2  0.000  0.000  0.000  0.0   2  0.000  0.000  0.000    767    122 
  2 2 2  0.000  0.000  0.000  0.0   2  0.000  0.000  0.000    769    123 
  2 2 2  0.000  0.000  0.000  0.0   2  0.000  0.000  0.000    771    124 
  2 2 2  0.000  0.000  0.000  0.0   2  0.000  0.000  0.000    773    125 
  2 2 2  0.000  0.000  0.000  0.0   2  0.000  0.000  0.000    775    126 
  2 2 2  0.000  0.000  0.000  0.0   2  0.000  0.000  0.000    777    127 
  2 2 2  0.000  0.000  0.000  0.0   2  0.000  0.000  0.000    779    128 
  2 2 2  0.000  0.000  0.000  0.0   2  0.000  0.000  0.000    781    129 
  2 2 2  0.000  0.000  0.000  0.0   2  0.000  0.000  0.000    783    130 
  2 2 2  0.000  0.000  0.000  0.0   2  0.000  0.000  0.000    785    131 
  2 2 2  0.000  0.000  0.000  0.0   2  0.000  0.000  0.000    787    132 
  2 2 2  0.000  0.000  0.000  0.0   2  0.000  0.000  0.000    789    133 
  2 2 2  0.000  0.000  0.000  0.0   2  0.000  0.000  0.000    791    134 
  2 2 2  0.000  0.000  0.000  0.0   2  0.000  0.000  0.000    793    135 
  2 2 2  0.000  0.000  0.000  0.0   2  0.000  0.000  0.000    795    136 
  2 2 2  0.000  0.000  0.000  0.0   2  0.000  0.000  0.000    797    137 
  2 2 2  0.000  0.000  0.000  0.0   2  0.000  0.000  0.000    799    138 
  2 2 2  0.000  0.000  0.000  0.0   2  0.000  0.000  0.000    801    139 
  2 2 2  0.000  0.000  0.000  0.0   2  0.000  0.000  0.000    803    140 
  2 2 2  0.000  0.000  0.000  0.0   2  0.000  0.000  0.000    805    141 
  2 2 2  0.000  0.000  0.000  0.0   2  0.000  0.000  0.000    807    142 
  2 2 2  0.000  0.000  0.000  0.0   2  0.000  0.000  0.000    809    143 
  2 2 2  0.000  0.000  0.000  0.0   2  0.000  0.000  0.000    811    144 
  2 2 2  0.000  0.000  0.000  0.0   2  0.000  0.000  0.000    813    145 
  2 2 2  0.000  0.000  0.000  0.0   2  0.000  0.000  0.000    815    146 
  2 2 2  0.000  0.000  0.000  0.0   2  0.000  0.000  0.000    817    147 
  2 2 2  0.000  0.000  0.000  0.0   2  0.000  0.000  0.000    819    148 
  2 2 2  0.000  0.000  0.000  0.0   2  0.000  0.000  0.000    821    149 
  2 2 2  0.000  0.000  0.000  0.0   2  0.000  0.000  0.000    823    150 
  2 2 2  0.000  0.000  0.000  0.0   2  0.000  0.000  0.000    825    151 
  2 2 2  0.000  0.000  0.000  0.0   2  0.000  0.000  0.000    827    152 
  2 2 2  0.000  0.000  0.000  0.0   2  0.000  0.000  0.000    829    153 
  2 2 2  0.000  0.000  0.000  0.0   2  0.000  0.000  0.000    831    154 
  2 2 2  0.000  0.000  0.000  0.0   2  0.000  0.000  0.000    833    155 
  2 2 2  0.000  0.000  0.000  0.0   2  0.000  0.000  0.000    835    156 
  2 2 2  0.000  0.000  0.000  0.0   2  0.000  0.000  0.000    837    157 
  2 2 2  0.000  0.000  0.000  0.0   2  0.000  0.000  0.000    839    158 
  2 2 2  0.000  0.000  0.000  0.0   2  0.000  0.000  0.000    841    159 
  2 2 2  0.000  0.000  0.000  0.0   2  0.000  0.000  0.000    843    160 
  2 2 2  0.000  0.000  0.000  0.0   2  0.000  0.000  0.000    845    161 
  2 2 2  0.000  0.000  0.000  0.0   2  0.000  0.000  0.000    847    162 
  2 2 2  0.000  0.000  0.000  0.0   2  0.000  0.000  0.000    849    163 
  2 2 2  0.000  0.000  0.000  0.0   2  0.000  0.000  0.000    851    164 
  2 2 2  0.000  0.000  0.000  0.0   2  0.000  0.000  0.000    853    165 
  2 2 2  0.000  0.000  0.000  0.0   2  0.000  0.000  0.000    855    166 
  2 2 2  0.000  0.000  0.000  0.0   2  0.000  0.000  0.000    857    167 
  2 2 2  0.000  0.000  0.000  0.0   2  0.000  0.000  0.000    859    168 
  2 2 2  0.000  0.000  0.000  0.0   2  0.000  0.000  0.000    861    169 
  2 2 2  0.000  0.000  0.000  0.0   2  0.000  0.000  0.000    863    170 
  2 2 2  0.000  0.000  0.000  0.0   2  0.000  0.000  0.000    865    171 
  2 2 2  0.000  0.000  0.000  0.0   2  0.000  0.000  0.000    867    172 
  2 2 2  0.000  0.000  0.000  0.0   2  0.000  0.000  0.000    869    173 
  2 2 2  0.000  0.000  0.000  0.0   2  0.000  0.000  0.000    871    174 
  2 2 2  0.000  0.000  0.000  0.0   2  0.000  0.000  0.000    873    175 
  2 2 2  0.000  0.000  0.000  0.0   2  0.000  0.000  0.000    875    176 
  2 2 2  0.000  0.000  0.000  0.0   2  0.000  0.000  0.000    877    177 
  2 2 2  0.000  0.000  0.000  0.0   2  0.000  0.000  0.000    879    178 
  2 2 2  0.000  0.000  0.000  0.0   2  0.000  0.000  0.000    881    179 
  2 2 2  0.000  0.000  0.000  0.0   2  0.000  0.000  0.000    883    180 
  2 2 2  0.000  0.000  0.000  0.0   2  0.000  0.000  0.000    885    181 
  2 2 2  0.000  0.000  0.000  0.0   2  0.000  0.000  0.000    887    182 
  2 2 2  0.000  0.000  0.000  0.0   2  0.000  0.000  0.000    889    183 
  2 2 2  0.000  0.000  0.000  0.0   2  0.000  0.000  0.000    891    184 
  2 2 2  0.000  0.000  0.000  0.0   2  0.000  0.000  0.000    893    185 
  2 2 2  0.000  0.000  0.000  0.0   2  0.000  0.000  0.000    895    186 
  2 2 2  0.000  0.000  0.000  0.0   2  0.000  0.000  0.000    897    187 
  2 2 2  0.000  0.000  0.000  0.0   2  0.000  0.000  0.000    899    188 
  2 2 2  0.000  0.000  0.000  0.0   2  0.000  0.000  0.000    901    189 
  2 2 2  0.000  0.000  0.000  0.0   2  0.000  0.000  0.000    903    190 
  2 2 2  0.000  0.000  0.000  0.0   2  0.000  0.000  0.000    905    191 
  2 2 2  0.000  0.000  0.000  0.0   2  0.000  0.000  0.000    907    192 
  2 2 2  0.000  0.000  0.000  0.0   2  0.000  0.000  0.000    909    193 
  2 2 2  0.000  0.000  0.000  0.0   2  0.000  0.000  0.000    911    194 
  2 2 2  0.000  0.000  0.000  0.0   2  0.000  0.000  0.000    913    195 
  2 2 2  0.000  0.000  0.000  0.0   2  0.000  0.000  0.000    915    196 
  2 2 2  0.000  0.000  0.000  0.0   2  0.000  0.000  0.000    917    197 
  2 2 2  0.000  0.000  0.000  0.0   2  0.000  0.000  0.000    919    198 
  2 2 2  0.000  0.000  0.000  0.0   2  0.000  0.000  0.000    921    199 
  2 2 2  0.000  0.000  0.000  0.0   2  0.000  0.000  0.000    923    200 
  2 2 2  0.000  0.000  0.000  0.0   2  0.000  0.000  0.000    925    201 
  2 2 2  0.000  0.000  0.000  0.0   2  0.000  0.000  0.000    927    202 
  2 2 2  0.000  0.000  0.000  0.0   2  0.000  0.000  0.000    929    203 
  2 2 2  0.000  0.000  0.000  0.0   2  0.000  0.000  0.000    931    204 
  2 2 2  0.000  0.000  0.000  0.0   2  0.000  0.000  0.000    933    205 
  2 2 2  0.000  0.000  0.000  0.0   2  0.000  0.000  0.000    935    206 
  2 2 2  0.000  0.000  0.000  0.0   2  0.000  0.000  0.000    937    207 
  2 2 2  0.000  0.000  0.000  0.0   2  0.000  0.000  0.000    939    208 
  2 2 2  0.000  0.000  0.000  0.0   2  0.000  0.000  0.000    941    209 
  2 2 2  0.000  0.000  0.000  0.0   2  0.000  0.000  0.000    943    210 
  2 2 2  0.000  0.000  0.000  0.0   2  0.000  0.000  0.000    945    211 
  2 2 2  0.000  0.000  0.000  0.0   2  0.000  0.000  0.000    947    212 
  2 2 2  0.000  0.000  0.000  0.0   2  0.000  0.000  0.000    949    213 
  2 2 2  0.000  0.000  0.000  0.0   2  0.000  0.000  0.000    951    214 
  2 2 2  0.000  0.000  0.000  0.0   2  0.000  0.000  0.000    953    215 
  2 2 2  0.000  0.000  0.000  0.0   2  0.000  0.000  0.000    955    216 
  2 2 2  0.000  0.000  0.000  0.0   2  0.000  0.000  0.000    957    217 
  2 2 2  0.000  0.000  0.000  0.0   2  0.000  0.000  0.000    959    218 
  2 2 2  0.000  0.000  0.000  0.0   2  0.000  0.000  0.000    961    219 
  2 2 2  0.000  0.000  0.000  0.0   2  0.000  0.000  0.000    963    220 
  2 2 2  0.000  0.000  0.000  0.0   2  0.000  0.000  0.000    965    221 
  2 2 2  0.000  0.000  0.000  0.0   2  0.000  0.000  0.000    967    222 
  2 2 2  0.000  0.000  0.000  0.0   2  0.000  0.000  0.000    969    223 
  2 2 2  0.000  0.000  0.000  0.0   2  0.000  0.000  0.000    971    224 
  2 2 2  0.000  0.000  0.000  0.0   2  0.000  0.000  0.000    973    225 
  2 2 2  0.000  0.000  0.000  0.0   2  0.000  0.000  0.000    975    226 
  2 2 2  0.000  0.000  0.000  0.0   2  0.000  0.000  0.000    977    227 
  2 2 2  0.000  0.000  0.000  0.0   2  0.000  0.000  0.000    979    228 
  2 2 2  0.000  0.000  0.000  0.0   2  0.000  0.000  0.000    981    229 
  2 2 2  0.000  0.000  0.000  0.0   2  0.000  0.000  0.000    983    230 
  2 2 2  0.000  0.000  0.000  0.0   2  0.000  0.000  0.000    985    231 
  2 2 2  0.000  0.000  0.000  0.0   2  0.000  0.000  0.000    987    232 
  2 2 2  0.000  0.000  0.000  0.0   2  0.000  0.000  0.000    989    233 
  2 2 2  0.000  0.000  0.000  0.0   2  0.000  0.000  0.000    991    234 
  2 2 2  0.000  0.000  0.000  0.0   2  0.000  0.000  0.000    993    235 
  2 2 2  0.000  0.000  0.000  0.0   2  0.000  0.000  0.000    995    236 
  2 2 2  0.000  0.000  0.000  0.0   2  0.000  0.000  0.000    997    237 
  2 2 2  0.000  0.000  0.000  0.0   2  0.000  0.000  0.000    999    238 
  2 2 2  0.000  0.000  0.000  0.0   2  0.000  0.000  0.000   1001    239 
  2 2 2  0.000  0.000  0.000  0.0   2  0.000  0.000  0.000   1003    240 
  2 2 2  0.000  0.000  0.000  0.0   2  0.000  0.000  0.000   1005    241 
  2 2 2  0.000  0.000  0.000  0.0   2  0.000  0.000  0.000   1007    242 
  2 2 2  0.000  0.000  0.000  0.0   2  0.000  0.000  0.000   1009    243 
  2 2 2  0.000  0.000  0.000  0.0   2  0.000  0.000  0.000   1011    244 
  2 2 2  0.000  0.000  0.000  0.0   2  0.000  0.000  0.000   1013    245 
  2 2 2  0.000  0.000  0.000  0.0   2  0.000  0.000  0.000   1015    246 
  2 2 2  0.000  0.000  0.000  0.0   2  0.000  0.000  0.000    529    247 
  2 2 2  0.000  0.000  0.000  0.0   2  0.000  0.000  0.000     32    248 
  2 2 2  0.000  0.000  0.000  0.0   2  0.000  0.000  0.000     16    249 
  5 4 4  0.000  0.000  0.000  0.0   2  0.000  0.000  0.000     14    250 
  5 4 4  0.000  0.000  0.000  0.0   2  0.000  0.000  0.000     15    251 
  5 4 4  0.000  0.000  0.000  0.0   2  0.000  0.000  0.000     22    252 
  5 4 4  0.000  0.000  0.000  0.0   2  0.000  0.000  0.000     30    253 
  5 4 4  0.000  0.000  0.000  0.0   2  0.000  0.000  0.000     12    254 
  5 4 4  0.000  0.000  0.000  0.0   2  0.000  0.000  0.000     10    255 
  2 2 2  0.000  0.000  0.000  0.0   2  0.000  0.000  0.000     11    256 
  2 2 2  0.000  0.000  0.000  0.0   2  0.000  0.000  0.000     20    257 
  2 2 2  0.000  0.000  0.000  0.0   2  0.000  0.000  0.000     35    258 
  2 2 2  0.000  0.000  0.000  0.0   2  0.000  0.000  0.000     42    259 
  2 2 2  0.000  0.000  0.000  0.0   2  0.000  0.000  0.000     44    260 
  2 2 2  0.000  0.000  0.000  0.0   2  0.000  0.000  0.000     46    261 
  2 2 2  0.000  0.000  0.000  0.0   2  0.000  0.000  0.000     48    262 
  2 2 2  0.000  0.000  0.000  0.0   2  0.000  0.000  0.000     50    263 
  2 2 2  0.000  0.000  0.000  0.0   2  0.000  0.000  0.000     52    264 
  2 2 2  0.000  0.000  0.000  0.0   2  0.000  0.000  0.000     54    265 
  2 2 2  0.000  0.000  0.000  0.0   2  0.000  0.000  0.000     56    266 
  2 2 2  0.000  0.000  0.000  0.0   2  0.000  0.000  0.000     58    267 
  2 2 2  0.000  0.000  0.000  0.0   2  0.000  0.000  0.000     60    268 
  2 2 2  0.000  0.000  0.000  0.0   2  0.000  0.000  0.000     62    269 
  2 2 2  0.000  0.000  0.000  0.0   2  0.000  0.000  0.000     64    270 
  2 2 2  0.000  0.000  0.000  0.0   2  0.000  0.000  0.000     66    271 
  2 2 2  0.000  0.000  0.000  0.0   2  0.000  0.000  0.000     68    272 
  2 2 2  0.000  0.000  0.000  0.0   2  0.000  0.000  0.000     70    273 
  2 2 2  0.000  0.000  0.000  0.0   2  0.000  0.000  0.000     72    274 
  2 2 2  0.000  0.000  0.000  0.0   2  0.000  0.000  0.000     74    275 
  2 2 2  0.000  0.000  0.000  0.0   2  0.000  0.000  0.000     76    276 
  2 2 2  0.000  0.000  0.000  0.0   2  0.000  0.000  0.000     78    277 
  2 2 2  0.000  0.000  0.000  0.0   2  0.000  0.000  0.000     80    278 
  2 2 2  0.000  0.000  0.000  0.0   2  0.000  0.000  0.000     82    279 
  2 2 2  0.000  0.000  0.000  0.0   2  0.000  0.000  0.000     84    280 
  2 2 2  0.000  0.000  0.000  0.0   2  0.000  0.000  0.000     86    281 
  2 2 2  0.000  0.000  0.000  0.0   2  0.000  0.000  0.000     88    282 
  2 2 2  0.000  0.000  0.000  0.0   2  0.000  0.000  0.000     90    283 
  2 2 2  0.000  0.000  0.000  0.0   2  0.000  0.000  0.000     92    284 
  2 2 2  0.000  0.000  0.000  0.0   2  0.000  0.000  0.000     94    285 
  2 2 2  0.000  0.000  0.000  0.0   2  0.000  0.000  0.000     96    286 
  2 2 2  0.000  0.000  0.000  0.0   2  0.000  0.000  0.000     98    287 
  2 2 2  0.000  0.000  0.000  0.0   2  0.000  0.000  0.000    100    288 
  2 2 2  0.000  0.000  0.000  0.0   2  0.000  0.000  0.000    102    289 
  2 2 2  0.000  0.000  0.000  0.0   2  0.000  0.000  0.000    104    290 
  2 2 2  0.000  0.000  0.000  0.0   2  0.000  0.000  0.000    106    291 
  2 2 2  0.000  0.000  0.000  0.0   2  0.000  0.000  0.000    108    292 
  2 2 2  0.000  0.000  0.000  0.0   2  0.000  0.000  0.000    110    293 
  2 2 2  0.000  0.000  0.000  0.0   2  0.000  0.000  0.000    112    294 
  2 2 2  0.000  0.000  0.000  0.0   2  0.000  0.000  0.000    114    295 
  2 2 2  0.000  0.000  0.000  0.0   2  0.000  0.000  0.000    116    296 
  2 2 2  0.000  0.000  0.000  0.0   2  0.000  0.000  0.000    118    297 
  2 2 2  0.000  0.000  0.000  0.0   2  0.000  0.000  0.000    120    298 
  2 2 2  0.000  0.000  0.000  0.0   2  0.000  0.000  0.000    122    299 
  2 2 2  0.000  0.000  0.000  0.0   2  0.000  0.000  0.000    124    300 
  2 2 2  0.000  0.000  0.000  0.0   2  0.000  0.000  0.000    126    301 
  2 2 2  0.000  0.000  0.000  0.0   2  0.000  0.000  0.000    128    302 
  2 2 2  0.000  0.000  0.000  0.0   2  0.000  0.000  0.000    130    303 
  2 2 2  0.000  0.000  0.000  0.0   2  0.000  0.000  0.000    132    304 
  2 2 2  0.000  0.000  0.000  0.0   2  0.000  0.000  0.000    134    305 
  2 2 2  0.000  0.000  0.000  0.0   2  0.000  0.000  0.000    136    306 
  2 2 2  0.000  0.000  0.000  0.0   2  0.000  0.000  0.000    138    307 
  2 2 2  0.000  0.000  0.000  0.0   2  0.000  0.000  0.000    140    308 
  2 2 2  0.000  0.000  0.000  0.0   2  0.000  0.000  0.000    142    309 
  2 2 2  0.000  0.000  0.000  0.0   2  0.000  0.000  0.000    144    310 
  2 2 2  0.000  0.000  0.000  0.0   2  0.000  0.000  0.000    146    311 
  2 2 2  0.000  0.000  0.000  0.0   2  0.000  0.000  0.000    148    312 
  2 2 2  0.000  0.000  0.000  0.0   2  0.000  0.000  0.000    150    313 
  2 2 2  0.000  0.000  0.000  0.0   2  0.000  0.000  0.000    152    314 
  2 2 2  0.000  0.000  0.000  0.0   2  0.000  0.000  0.000    154    315 
  2 2 2  0.000  0.000  0.000  0.0   2  0.000  0.000  0.000    156    316 
  2 2 2  0.000  0.000  0.000  0.0   2  0.000  0.000  0.000    158    317 
  2 2 2  0.000  0.000  0.000  0.0   2  0.000  0.000  0.000    160    318 
  2 2 2  0.000  0.000  0.000  0.0   2  0.000  0.000  0.000    162    319 
  2 2 2  0.000  0.000  0.000  0.0   2  0.000  0.000  0.000    164    320 
  2 2 2  0.000  0.000  0.000  0.0   2  0.000  0.000  0.000    166    321 
  2 2 2  0.000  0.000  0.000  0.0   2  0.000  0.000  0.000    168    322 
  2 2 2  0.000  0.000  0.000  0.0   2  0.000  0.000  0.000    170    323 
  2 2 2  0.000  0.000  0.000  0.0   2  0.000  0.000  0.000    172    324 
  2 2 2  0.000  0.000  0.000  0.0   2  0.000  0.000  0.000    174    325 
  2 2 2  0.000  0.000  0.000  0.0   2  0.000  0.000  0.000    176    326 
  2 2 2  0.000  0.000  0.000  0.0   2  0.000  0.000  0.000    178    327 
  2 2 2  0.000  0.000  0.000  0.0   2  0.000  0.000  0.000    180    328 
  2 2 2  0.000  0.000  0.000  0.0   2  0.000  0.000  0.000    182    329 
  2 2 2  0.000  0.000  0.000  0.0   2  0.000  0.000  0.000    184    330 
  2 2 2  0.000  0.000  0.000  0.0   2  0.000  0.000  0.000    186    331 
  2 2 2  0.000  0.000  0.000  0.0   2  0.000  0.000  0.000    188    332 
  2 2 2  0.000  0.000  0.000  0.0   2  0.000  0.000  0.000    190    333 
  2 2 2  0.000  0.000  0.000  0.0   2  0.000  0.000  0.000    192    334 
  2 2 2  0.000  0.000  0.000  0.0   2  0.000  0.000  0.000    194    335 
  2 2 2  0.000  0.000  0.000  0.0   2  0.000  0.000  0.000    196    336 
  2 2 2  0.000  0.000  0.000  0.0   2  0.000  0.000  0.000    198    337 
  2 2 2  0.000  0.000  0.000  0.0   2  0.000  0.000  0.000    200    338 
  2 2 2  0.000  0.000  0.000  0.0   2  0.000  0.000  0.000    202    339 
  2 2 2  0.000  0.000  0.000  0.0   2  0.000  0.000  0.000    204    340 
  2 2 2  0.000  0.000  0.000  0.0   2  0.000  0.000  0.000    206    341 
  2 2 2  0.000  0.000  0.000  0.0   2  0.000  0.000  0.000    208    342 
  2 2 2  0.000  0.000  0.000  0.0   2  0.000  0.000  0.000    210    343 
  2 2 2  0.000  0.000  0.000  0.0   2  0.000  0.000  0.000    212    344 
  2 2 2  0.000  0.000  0.000  0.0   2  0.000  0.000  0.000    214    345 
  2 2 2  0.000  0.000  0.000  0.0   2  0.000  0.000  0.000    216    346 
  2 2 2  0.000  0.000  0.000  0.0   2  0.000  0.000  0.000    218    347 
  2 2 2  0.000  0.000  0.000  0.0   2  0.000  0.000  0.000    220    348 
  2 2 2  0.000  0.000  0.000  0.0   2  0.000  0.000  0.000    222    349 
  2 2 2  0.000  0.000  0.000  0.0   2  0.000  0.000  0.000    224    350 
  2 2 2  0.000  0.000  0.000  0.0   2  0.000  0.000  0.000    226    351 
  2 2 2  0.000  0.000  0.000  0.0   2  0.000  0.000  0.000    228    352 
  2 2 2  0.000  0.000  0.000  0.0   2  0.000  0.000  0.000    230    353 
  2 2 2  0.000  0.000  0.000  0.0   2  0.000  0.000  0.000    232    354 
  2 2 2  0.000  0.000  0.000  0.0   2  0.000  0.000  0.000    234    355 
  2 2 2  0.000  0.000  0.000  0.0   2  0.000  0.000  0.000    236    356 
  2 2 2  0.000  0.000  0.000  0.0   2  0.000  0.000  0.000    238    357 
  2 2 2  0.000  0.000  0.000  0.0   2  0.000  0.000  0.000    240    358 
  2 2 2  0.000  0.000  0.000  0.0   2  0.000  0.000  0.000    242    359 
  2 2 2  0.000  0.000  0.000  0.0   2  0.000  0.000  0.000    244    360 
  2 2 2  0.000  0.000  0.000  0.0   2  0.000  0.000  0.000    246    361 
  2 2 2  0.000  0.000  0.000  0.0   2  0.000  0.000  0.000    248    362 
  2 2 2  0.000  0.000  0.000  0.0   2  0.000  0.000  0.000    250    363 
  2 2 2  0.000  0.000  0.000  0.0   2  0.000  0.000  0.000    252    364 
  2 2 2  0.000  0.000  0.000  0.0   2  0.000  0.000  0.000    254    365 
  2 2 2  0.000  0.000  0.000  0.0   2  0.000  0.000  0.000    256    366 
  2 2 2  0.000  0.000  0.000  0.0   2  0.000  0.000  0.000    258    367 
  2 2 2  0.000  0.000  0.000  0.0   2  0.000  0.000  0.000    260    368 
  2 2 2  0.000  0.000  0.000  0.0   2  0.000  0.000  0.000    262    369 
  2 2 2  0.000  0.000  0.000  0.0   2  0.000  0.000  0.000    264    370 
  2 2 2  0.000  0.000  0.000  0.0   2  0.000  0.000  0.000    266    371 
  2 2 2  0.000  0.000  0.000  0.0   2  0.000  0.000  0.000    268    372 
  2 2 2  0.000  0.000  0.000  0.0   2  0.000  0.000  0.000    270    373 
  2 2 2  0.000  0.000  0.000  0.0   2  0.000  0.000  0.000    272    374 
  2 2 2  0.000  0.000  0.000  0.0   2  0.000  0.000  0.000    274    375 
  2 2 2  0.000  0.000  0.000  0.0   2  0.000  0.000  0.000    276    376 
  2 2 2  0.000  0.000  0.000  0.0   2  0.000  0.000  0.000    278    377 
  2 2 2  0.000  0.000  0.000  0.0   2  0.000  0.000  0.000    280    378 
  2 2 2  0.000  0.000  0.000  0.0   2  0.000  0.000  0.000    282    379 
  2 2 2  0.000  0.000  0.000  0.0   2  0.000  0.000  0.000    284    380 
  2 2 2  0.000  0.000  0.000  0.0   2  0.000  0.000  0.000    286    381 
  2 2 2  0.000  0.000  0.000  0.0   2  0.000  0.000  0.000    288    382 
  2 2 2  0.000  0.000  0.000  0.0   2  0.000  0.000  0.000    290    383 
  2 2 2  0.000  0.000  0.000  0.0   2  0.000  0.000  0.000    292    384 
  2 2 2  0.000  0.000  0.000  0.0   2  0.000  0.000  0.000    294    385 
  2 2 2  0.000  0.000  0.000  0.0   2  0.000  0.000  0.000    296    386 
  2 2 2  0.000  0.000  0.000  0.0   2  0.000  0.000  0.000    298    387 
  2 2 2  0.000  0.000  0.000  0.0   2  0.000  0.000  0.000    300    388 
  2 2 2  0.000  0.000  0.000  0.0   2  0.000  0.000  0.000    302    389 
  2 2 2  0.000  0.000  0.000  0.0   2  0.000  0.000  0.000    304    390 
  2 2 2  0.000  0.000  0.000  0.0   2  0.000  0.000  0.000    306    391 
  2 2 2  0.000  0.000  0.000  0.0   2  0.000  0.000  0.000    308    392 
  2 2 2  0.000  0.000  0.000  0.0   2  0.000  0.000  0.000    310    393 
  2 2 2  0.000  0.000  0.000  0.0   2  0.000  0.000  0.000    312    394 
  2 2 2  0.000  0.000  0.000  0.0   2  0.000  0.000  0.000    314    395 
  2 2 2  0.000  0.000  0.000  0.0   2  0.000  0.000  0.000    316    396 
  2 2 2  0.000  0.000  0.000  0.0   2  0.000  0.000  0.000    318    397 
  2 2 2  0.000  0.000  0.000  0.0   2  0.000  0.000  0.000    320    398 
  2 2 2  0.000  0.000  0.000  0.0   2  0.000  0.000  0.000    322    399 
  2 2 2  0.000  0.000  0.000  0.0   2  0.000  0.000  0.000    324    400 
  2 2 2  0.000  0.000  0.000  0.0   2  0.000  0.000  0.000    326    401 
  2 2 2  0.000  0.000  0.000  0.0   2  0.000  0.000  0.000    328    402 
  2 2 2  0.000  0.000  0.000  0.0   2  0.000  0.000  0.000    330    403 
  2 2 2  0.000  0.000  0.000  0.0   2  0.000  0.000  0.000    332    404 
  2 2 2  0.000  0.000  0.000  0.0   2  0.000  0.000  0.000    334    405 
  2 2 2  0.000  0.000  0.000  0.0   2  0.000  0.000  0.000    336    406 
  2 2 2  0.000  0.000  0.000  0.0   2  0.000  0.000  0.000    338    407 
  2 2 2  0.000  0.000  0.000  0.0   2  0.000  0.000  0.000    340    408 
  2 2 2  0.000  0.000  0.000  0.0   2  0.000  0.000  0.000    342    409 
  2 2 2  0.000  0.000  0.000  0.0   2  0.000  0.000  0.000    344    410 
  2 2 2  0.000  0.000  0.000  0.0   2  0.000  0.000  0.000    346    411 
  2 2 2  0.000  0.000  0.000  0.0   2  0.000  0.000  0.000    348    412 
  2 2 2  0.000  0.000  0.000  0.0   2  0.000  0.000  0.000    350    413 
  2 2 2  0.000  0.000  0.000  0.0   2  0.000  0.000  0.000    352    414 
  2 2 2  0.000  0.000  0.000  0.0   2  0.000  0.000  0.000    354    415 
  2 2 2  0.000  0.000  0.000  0.0   2  0.000  0.000  0.000    356    416 
  2 2 2  0.000  0.000  0.000  0.0   2  0.000  0.000  0.000    358    417 
  2 2 2  0.000  0.000  0.000  0.0   2  0.000  0.000  0.000    360    418 
  2 2 2  0.000  0.000  0.000  0.0   2  0.000  0.000  0.000    362    419 
  2 2 2  0.000  0.000  0.000  0.0   2  0.000  0.000  0.000    364    420 
  2 2 2  0.000  0.000  0.000  0.0   2  0.000  0.000  0.000    366    421 
  2 2 2  0.000  0.000  0.000  0.0   2  0.000  0.000  0.000    368    422 
  2 2 2  0.000  0.000  0.000  0.0   2  0.000  0.000  0.000    370    423 
  2 2 2  0.000  0.000  0.000  0.0   2  0.000  0.000  0.000    372    424 
  2 2 2  0.000  0.000  0.000  0.0   2  0.000  0.000  0.000    374    425 
  2 2 2  0.000  0.000  0.000  0.0   2  0.000  0.000  0.000    376    426 
  2 2 2  0.000  0.000  0.000  0.0   2  0.000  0.000  0.000    378    427 
  2 2 2  0.000  0.000  0.000  0.0   2  0.000  0.000  0.000    380    428 
  2 2 2  0.000  0.000  0.000  0.0   2  0.000  0.000  0.000    382    429 
  2 2 2  0.000  0.000  0.000  0.0   2  0.000  0.000  0.000    384    430 
  2 2 2  0.000  0.000  0.000  0.0   2  0.000  0.000  0.000    386    431 
  2 2 2  0.000  0.000  0.000  0.0   2  0.000  0.000  0.000    388    432 
  2 2 2  0.000  0.000  0.000  0.0   2  0.000  0.000  0.000    390    433 
  2 2 2  0.000  0.000  0.000  0.0   2  0.000  0.000  0.000    392    434 
  2 2 2  0.000  0.000  0.000  0.0   2  0.000  0.000  0.000    394    435 
  2 2 2  0.000  0.000  0.000  0.0   2  0.000  0.000  0.000    396    436 
  2 2 2  0.000  0.000  0.000  0.0   2  0.000  0.000  0.000    398    437 
  2 2 2  0.000  0.000  0.000  0.0   2  0.000  0.000  0.000    400    438 
  2 2 2  0.000  0.000  0.000  0.0   2  0.000  0.000  0.000    402    439 
  2 2 2  0.000  0.000  0.000  0.0   2  0.000  0.000  0.000    404    440 
  2 2 2  0.000  0.000  0.000  0.0   2  0.000  0.000  0.000    406    441 
  2 2 2  0.000  0.000  0.000  0.0   2  0.000  0.000  0.000    408    442 
  2 2 2  0.000  0.000  0.000  0.0   2  0.000  0.000  0.000    410    443 
  2 2 2  0.000  0.000  0.000  0.0   2  0.000  0.000  0.000    412    444 
  2 2 2  0.000  0.000  0.000  0.0   2  0.000  0.000  0.000    414    445 
  2 2 2  0.000  0.000  0.000  0.0   2  0.000  0.000  0.000    416    446 
  2 2 2  0.000  0.000  0.000  0.0   2  0.000  0.000  0.000    418    447 
  2 2 2  0.000  0.000  0.000  0.0   2  0.000  0.000  0.000    420    448 
  2 2 2  0.000  0.000  0.000  0.0   2  0.000  0.000  0.000    422    449 
  2 2 2  0.000  0.000  0.000  0.0   2  0.000  0.000  0.000    424    450 
  2 2 2  0.000  0.000  0.000  0.0   2  0.000  0.000  0.000    426    451 
  2 2 2  0.000  0.000  0.000  0.0   2  0.000  0.000  0.000    428    452 
  2 2 2  0.000  0.000  0.000  0.0   2  0.000  0.000  0.000    430    453 
  2 2 2  0.000  0.000  0.000  0.0   2  0.000  0.000  0.000    432    454 
  2 2 2  0.000  0.000  0.000  0.0   2  0.000  0.000  0.000    434    455 
  2 2 2  0.000  0.000  0.000  0.0   2  0.000  0.000  0.000    436    456 
  2 2 2  0.000  0.000  0.000  0.0   2  0.000  0.000  0.000    438    457 
  2 2 2  0.000  0.000  0.000  0.0   2  0.000  0.000  0.000    440    458 
  2 2 2  0.000  0.000  0.000  0.0   2  0.000  0.000  0.000    442    459 
  2 2 2  0.000  0.000  0.000  0.0   2  0.000  0.000  0.000    444    460 
  2 2 2  0.000  0.000  0.000  0.0   2  0.000  0.000  0.000    446    461 
  2 2 2  0.000  0.000  0.000  0.0   2  0.000  0.000  0.000    448    462 
  2 2 2  0.000  0.000  0.000  0.0   2  0.000  0.000  0.000    450    463 
  2 2 2  0.000  0.000  0.000  0.0   2  0.000  0.000  0.000    452    464 
  2 2 2  0.000  0.000  0.000  0.0   2  0.000  0.000  0.000    454    465 
  2 2 2  0.000  0.000  0.000  0.0   2  0.000  0.000  0.000    456    466 
  2 2 2  0.000  0.000  0.000  0.0   2  0.000  0.000  0.000    458    467 
  2 2 2  0.000  0.000  0.000  0.0   2  0.000  0.000  0.000    460    468 
  2 2 2  0.000  0.000  0.000  0.0   2  0.000  0.000  0.000    462    469 
  2 2 2  0.000  0.000  0.000  0.0   2  0.000  0.000  0.000    464    470 
  2 2 2  0.000  0.000  0.000  0.0   2  0.000  0.000  0.000    466    471 
  2 2 2  0.000  0.000  0.000  0.0   2  0.000  0.000  0.000    468    472 
  2 2 2  0.000  0.000  0.000  0.0   2  0.000  0.000  0.000    470    473 
  2 2 2  0.000  0.000  0.000  0.0   2  0.000  0.000  0.000    472    474 
  2 2 2  0.000  0.000  0.000  0.0   2  0.000  0.000  0.000    474    475 
  2 2 2  0.000  0.000  0.000  0.0   2  0.000  0.000  0.000    476    476 
  2 2 2  0.000  0.000  0.000  0.0   2  0.000  0.000  0.000    478    477 
  2 2 2  0.000  0.000  0.000  0.0   2  0.000  0.000  0.000    480    478 
  2 2 2  0.000  0.000  0.000  0.0   2  0.000  0.000  0.000    482    479 
  2 2 2  0.000  0.000  0.000  0.0   2  0.000  0.000  0.000    484    480 
  2 2 2  0.000  0.000  0.000  0.0   2  0.000  0.000  0.000    486    481 
  2 2 2  0.000  0.000  0.000  0.0   2  0.000  0.000  0.000    488    482 
  2 2 2  0.000  0.000  0.000  0.0   2  0.000  0.000  0.000    490    483 
  2 2 2  0.000  0.000  0.000  0.0   2  0.000  0.000  0.000    492    484 
  2 2 2  0.000  0.000  0.000  0.0   2  0.000  0.000  0.000    494    485 
  2 2 2  0.000  0.000  0.000  0.0   2  0.000  0.000  0.000    496    486 
  2 2 2  0.000  0.000  0.000  0.0   2  0.000  0.000  0.000    498    487 
  2 2 2  0.000  0.000  0.000  0.0   2  0.000  0.000  0.000    500    488 
  2 2 2  0.000  0.000  0.000  0.0   2  0.000  0.000  0.000    502    489 
  2 2 2  0.000  0.000  0.000  0.0   2  0.000  0.000  0.000    504    490 
  2 2 2  0.000  0.000  0.000  0.0   2  0.000  0.000  0.000    506    491 
  2 2 2  0.000  0.000  0.000  0.0   2  0.000  0.000  0.000    508    492 
  2 2 2  0.000  0.000  0.000  0.0   2  0.000  0.000  0.000    510    493 
  2 2 2  0.000  0.000  0.000  0.0   2  0.000  0.000  0.000    512    494 
  2 2 2  0.000  0.000  0.000  0.0   2  0.000  0.000  0.000    514    495 
  2 2 2  0.000  0.000  0.000  0.0   2  0.000  0.000  0.000    516    496 
  2 2 2  0.000  0.000  0.000  0.0   2  0.000  0.000  0.000    518    497 
  2 2 2  0.000  0.000  0.000  0.0   2  0.000  0.000  0.000    520    498 
  2 2 2  0.000  0.000  0.000  0.0   2  0.000  0.000  0.000    522    499 
  2 2 2  0.000  0.000  0.000  0.0   2  0.000  0.000  0.000    524    500 
  2 2 2  0.000  0.000  0.000  0.0   2  0.000  0.000  0.000    526    501 
  2 2 2  0.000  0.000  0.000  0.0   2  0.000  0.000  0.000     40    502 
  2 2 2  0.000  0.000  0.000  0.0   2  0.000  0.000  0.000     28    503 
  2 2 2  0.000  0.000  0.000  0.0   2  0.000  0.000  0.000      8    504 
  4 5 5  0.000  0.000  0.000  0.0   2  0.000  0.000  0.000      6    505 
  4 5 5  0.000  0.000  0.000  0.0   2  0.000  0.000  0.000      7    506 
  4 5 5  0.000  0.000  0.000  0.0   2  0.000  0.000  0.000     18    507 
  4 5 5  0.000  0.000  0.000  0.0   2  0.000  0.000  0.000     26    508 
  4 5 5  0.000  0.000  0.000  0.0   2  0.000  0.000  0.000      4    509 
  4 5 5  0.000  0.000  0.000  0.0   2  0.000  0.000  0.000      2    510 
