 Number of un-mobilised particles in polygon areas
 Time, Area 1, Area 2, Area 3
   0.0000000000000000             1385        1579         227
   10.000000000000000             1385        1579         227
   20.000000000000000             1385        1579         227
   30.000000000000000             1385        1555         227
   40.000000000000000             1385        1358         227
   50.000000000000000             1385        1282         227
   60.000000000000000             1385        1219         227
   70.000000000000000             1385        1165         227
   80.000000000000000             1385        1114         227
   90.000000000000000             1385        1061         227
   100.00000000000000             1385        1032         227
   110.00000000000000             1385        1010         227
   120.00000000000000             1385         983         227
   130.00000000000000             1385         957         227
   140.00000000000000             1385         933         227
   150.00000000000000             1385         909         227
   160.00000000000000             1385         887         227
   170.00000000000000             1385         860         227
   180.00000000000000             1325         842         227
   190.00000000000000             1187         820         224
   200.00000000000000             1124         804         219
   210.00000000000000             1081         790         208
   220.00000000000000             1044         777         190
   230.00000000000000             1006         767         173
   240.00000000000000              972         744         157
   250.00000000000000              934         731         142
   260.00000000000000              903         721         119
   270.00000000000000              876         701         105
   280.00000000000000              859         683          89
   290.00000000000000              839         663          76
   300.00000000000000              811         653          57
   310.00000000000000              791         643          48
   320.00000000000000              763         632          35
   330.00000000000000              743         615          25
   340.00000000000000              720         602          13
   350.00000000000000              697         591           9
   360.00000000000000              676         567           2
   370.00000000000000              647         552           0
   380.00000000000000              627         540           0
   390.00000000000000              599         529           0
   400.00000000000000              581         518           0
   410.00000000000000              562         500           0
   420.00000000000000              543         488           0
   430.00000000000000              531         465           0
   440.00000000000000              514         450           0
   450.00000000000000              497         435           0
   460.00000000000000              480         419           0
   470.00000000000000              460         410           0
   480.00000000000000              433         399           0
   490.00000000000000              413         388           0
   500.00000000000000              395         376           0
   510.00000000000000              381         360           0
   520.00000000000000              364         351           0
   530.00000000000000              344         339           0
   540.00000000000000              323         331           0
   550.00000000000000              303         325           0
   560.00000000000000              279         314           0
   570.00000000000000              258         301           0
   580.00000000000000              241         290           0
   590.00000000000000              221         283           0
   600.00000000000000              207         271           0
   610.00000000000000              192         263           0
   620.00000000000000              176         256           0
   630.00000000000000              163         240           0
   640.00000000000000              153         227           0
   650.00000000000000              144         212           0
   660.00000000000000              124         196           0
   670.00000000000000              114         185           0
   680.00000000000000              104         172           0
   690.00000000000000               96         160           0
   700.00000000000000               87         153           0
   710.00000000000000               70         146           0
   720.00000000000000               60         141           0
   730.00000000000000               53         132           0
   740.00000000000000               51         122           0
   750.00000000000000               38         112           0
   760.00000000000000               31         102           0
   770.00000000000000               23          96           0
   780.00000000000000               16          91           0
   790.00000000000000                8          82           0
   800.00000000000000                3          67           0
   810.00000000000000                3          62           0
   820.00000000000000                3          55           0
   830.00000000000000                3          47           0
   840.00000000000000                2          39           0
   850.00000000000000                1          33           0
   860.00000000000000                1          28           0
   870.00000000000000                1          23           0
   880.00000000000000                1          15           0
   890.00000000000000                1           9           0
   900.00000000000000                1           3           0
   910.00000000000000                0           1           0
   920.00000000000000                0           0           0
   930.00000000000000                0           0           0
   940.00000000000000                0           0           0
   950.00000000000000                0           0           0
   960.00000000000000                0           0           0
   970.00000000000000                0           0           0
   980.00000000000000                0           0           0
   990.00000000000000                0           0           0
   1000.0000000000000                0           0           0
